0
1
0
0
0
0
14
1
0
0
0
1
15
0
1
0
0
2
0
0
0
66
0
0
148
0
0
11
46
4
1
0
62
10
25
10
0
21
5
2
0
1
8
3
0
32
1
0
1
3
4
0
0
6
13
13
1
8
0
5
0
1
0
0
0
5
2
4
0
1
0
7
0
8
0
0
0
8
2
5
0
0
2
0
27
0
14
1
12
0
0
5
19
6
4
0
0
1
24
1
0
0
2
10
22
2
0
31
0
4
0
2
1
0
17
3
0
0
0
0
0
0
0
4
1
64
0
14
6
0
12
0
0
0
92
0
2
6
0
0
8
0
2
1
0
0
25
2
1
0
4
13
3
5
0
9
6
0
1
148
0
0
0
0
1
0
14
0
8
0
0
3
14
0
0
0
44
2
0
2
1
22
8
0
0
0
5
0
7
0
0
24
2
0
0
0
4
0
10
0
16
69
0
0
0
0
2
4
3
4
0
0
0
58
23
1
0
6
1
0
31
0
0
1
0
0
4
4
0
0
7
0
8
0
15
0
9
42
29
0
1
0
0
6
19
0
34
2
0
8
7
0
201
0
13
0
0
0
183
19
1
0
1
62
18
2
5
11
7
0
2
0
22
11
0
0
22
1
0
5
0
40
2
0
2
2
0
0
1
0
5
0
0
0
0
0
0
0
2
18
0
8
0
27
7
3
9
0
14
9
0
0
0
1
13
0
0
1
6
5
2
19
2
23
0
0
2
0
4
1
0
26
18
0
0
10
1
0
22
0
77
2
1
8
0
0
4
4
5
0
5
4
8
35
10
0
10
21
26
0
2
10
6
8
118
145
7
2
0
6
9
12
0
2
11
22
0
2
0
0
0
8
4
3
0
0
8
5
12
0
0
117
2
16
1
0
0
16
5
5
0
0
0
0
75
0
0
0
0
0
0
0
0
2
1
2
7
5
51
4
0
0
0
1
0
1
0
11
2
3
0
0
5
1
0
22
1
89
0
3
16
0
3
11
0
20
0
1
17
0
0
0
0
16
23
2
0
1
0
0
1
2
0
0
0
69
0
0
1
0
3
2
0
0
110
0
7
7
24
0
0
206
16
0
0
0
14
29
0
0
0
6
2
1
7
15
1
1
0
13
0
0
0
2
2
0
3
1
0
0
1
0
2
3
0
0
0
55
0
11
2
0
12
0
0
42
0
6
0
0
10
0
0
0
2
3
0
3
3
0
27
0
1
0
52
0
1
49
0
0
3
2
1
4
77
2
3
0
0
0
22
0
0
0
1
0
12
1
0
0
8
7
0
21
0
0
2
0
10
18
12
150
0
9
0
0
0
5
0
0
8
5
0
1
0
34
0
0
9
3
32
0
2
0
0
0
43
0
2
0
0
2
2
0
0
0
0
0
4
16
0
4
1
22
23
5
0
0
1
0
0
1
0
8
0
117
0
0
2
9
0
0
0
8
5
11
0
0
0
0
11
5
6
0
1
0
5
0
26
16
22
0
1
0
50
1
2
0
1
0
4
0
34
19
0
0
0
0
0
22
0
8
0
22
31
39
9
57
0
0
0
8
19
55
0
0
0
1
133
0
3
1
9
3
69
0
14
0
1
0
0
0
5
0
0
4
8
0
0
0
22
0
77
14
0
2
0
0
11
27
3
11
23
13
0
0
0
0
8
6
0
16
7
0
4
8
1
1
19
0
0
6
35
0
0
0
2
1
0
0
0
0
7
0
0
0
0
0
1
5
0
1
0
1
44
0
15
85
2
2
97
0
0
0
42
0
0
0
0
0
0
0
22
25
6
2
9
0
75
11
2
0
26
0
0
4
0
5
100
5
6
11
0
0
24
9
0
31
0
0
13
0
0
7
0
10
4
0
0
1
0
107
9
6
0
0
0
0
5
0
3
5
31
0
85
0
0
0
12
0
10
0
3
1
2
14
1
1
0
22
0
21
0
0
9
1
56
300
0
0
18
0
0
11
3
0
2
7
11
78
2
13
0
6
2
14
0
12
0
0
10
0
6
0
2
0
0
9
9
2
9
0
3
0
66
0
0
7
4
4
92
0
2
8
20
0
29
2
0
1
18
0
0
0
0
0
0
6
0
0
0
1
0
2
0
0
0
29
5
0
0
35
72
2
1
0
0
4
27
0
0
0
0
0
0
22
0
0
0
6
0
0
26
107
0
0
22
1
1
0
1
2
0
1
2
0
0
41
114
5
0
53
3
9
2
3
0
0
2
1
20
0
7
2
0
6
2
1
0
13
