22446
6345
29423
101819
23961
50869
88412
15584
33845
67618
55984
31030
198600
42392
32892
8829
156969
51328
96220
44319
62246
47712
32453
102227
776
12666
96216
41425
38223
20903
61493
19817
4080
33050
266
59144
4200
4428
2530
9784
12909
98574
56057
48483
41087
36295
32246
1895
9053
2436
28624
11886
18056
398
153719
89569
59533
11744
32354
112469
33726
3907
3965
69305
26597
62530
16109
72089
19987
15602
23766
69165
54831
43914
69575
8653
121621
20045
135856
15956
49583
1431
64082
15761
28083
2943
35119
47716
45088
1867
104352
45311
63598
52804
14572
146160
19557
34435
29800
85035
11748
47047
96877
197733
6988
49791
18590
100036
29033
31190
75632
7589
7615
86562
4331
56061
50316
15186
81833
19959
6768
1358
104000
11497
25936
4299
6013
20318
28526
9274
66759
7267
16151
33728
20910
44098
55760
54267
153963
69734
12973
52197
49824
97233
34018
32975
46201
7576
72305
12175
60857
2313
39155
72678
3912
64442
23643
1675
6261
30865
6025
14305
6013
58656
12424
48950
62809
12635
22260
169547
221070
13638
34332
3906
10164
51867
69650
31557
17674
11027
116194
63961
22551
25147
129960
17400
42138
30312
11069
55724
1598
122709
32274
91361
45436
46010
34273
7410
16306
181917
10859
40601
47367
5426
3773
3885
79486
3974
2485
28568
31225
38426
19920
99
22882
53195
5495
12345
35875
36229
8030
11663
34855
74960
21680
13884
62313
4305
2026
56808
36337
36518
32570
97975
4615
43845
95911
5766
5376
117187
1025
11406
13190
42206
92838
33457
37585
49373
40448
20099
39148
24973
20475
63150
76812
2687
77764
15666
37772
47793
