0
0.63
0
0.16
0
0.04
2.15
0
0.2
0.08
0.28
0.09
0
0.04
0.12
0.16
0
0.01
0.5
0
0.02
0.05
0
0.04
0.61
0
0.58
0.31
0.22
0
0.36
0.81
0.03
0
0.07
0.07
0.86
0
0.06
0
0.32
0.02
0
0
0
0
0.52
1.95
0
0.1
0
0
0
0.2
0.04
1.94
0.05
0
0.2
0.14
0.17
0.07
0.75
0
0
0
1.01
0
0
0
0.33
0
0
0
0.03
0.06
0.03
0.09
0
0.1
0.03
0.3
0.13
0.05
0
0.11
0.31
0
0.73
0.47
0.1
0.11
0.02
0.1
0
0
0.09
0
0
0.05
0.5
0.27
0
1.02
0.06
0.36
0
0.1
0.06
0.03
0.3
0.61
0.43
0
0
0.11
0.01
0.38
0.97
0.2
0
0
0
0.1
0
0.41
0.26
0
0.46
0.04
0.07
0
0
0.05
0.26
0.37
0
0
0
0.93
0.79
0.43
0.24
0.03
0.04
0
0.07
0.05
0
0.37
0.72
0.27
0.14
0.69
0
0.01
0
0.23
0
0.4
0.78
0.22
0
1.32
0.11
0
0
0
0
0
0.01
0
0.76
0.53
1.11
0
0
0
0.23
0.08
0.33
0
0.48
0.03
0
0
0.45
0
0.12
0
0.27
0
0
0.36
0
0
0
0.04
0.4
0.09
0.05
0.16
0.16
0
0
0.62
1.26
0
0
0
0.11
0.23
0.02
0
0
2.6
0
0
0.2
0.08
0
0
0.1
0
0.53
0.01
1.05
0.23
0
0.01
0
0
0
0
0
0
0
0
1.12
0.32
0.13
1.5
0.07
0.35
0
0.46
0
0
0.01
0
0.01
0.03
0
0.04
0
0.03
0
0.46
0.63
0
0.01
0.18
0.03
0.05
0.05
0
0
0
0.16
0.01
0.01
0.11
0.62
0
0
0
0.31
0.7
0.16
0.22
0.23
0.06
0.51
0.95
0.16
0
0
0
0.2
0.02
0
0.19
0.02
0
0.21
0.42
0
0.12
0
0
0.52
0.02
0.21
1.15
0.51
0.1
0
0
0
0
0.01
0
0.24
0
0.04
0
0
0.19
0.03
0.28
0
1.14
0.78
0
0.24
0.93
0.31
0
0.05
0
0
0.32
0.5
0
0
2.14
0.01
0
1.53
0.16
0
0.04
0
0.04
0.53
0.04
0.3
0
0
0.23
0
0.1
0
0
0.03
0.39
0.02
0.54
0.98
0.48
1.07
0
0.52
0
0.2
