Scn,A2,A3,A4,A5,A6,A7,A8,A9,A10,CLASS
1000025,5,1,1,1,2,1,3,1,1,2
1002945,5,4,4,5,7,10,3,2,1,2
1015425,3,1,1,1,2,2,3,1,1,2
1016277,6,8,8,1,3,4,3,7,1,2
1017023,4,1,1,3,2,1,3,1,1,2
1017122,8,10,10,8,7,10,9,7,1,4
1018099,1,1,1,1,2,10,3,1,1,2
1018561,2,1,2,1,2,1,3,1,1,2
1033078,2,1,1,1,2,1,1,1,5,2
1035283,4,2,1,1,2,1,2,1,1,2
1036172,1,1,1,1,1,1,3,1,1,2
1041801,2,1,1,1,2,1,2,1,1,2
1043999,5,3,3,3,2,3,4,4,1,4
1044572,1,1,1,1,2,3,3,1,1,2
1047630,8,7,5,10,7,9,5,5,4,4
1048672,7,4,6,4,6,1,4,3,1,4
1049815,4,1,1,1,2,1,2,1,1,2
1050670,4,1,1,1,2,1,3,1,1,2
1050718,10,7,7,6,4,10,4,1,2,4
1054590,6,1,1,1,2,1,3,1,1,2
1054593,7,3,2,10,5,10,5,4,4,4
1056784,10,5,5,3,6,7,7,10,1,4
1057013,3,1,1,1,2,1,2,1,1,2
1059552,8,4,5,1,2,?,7,3,1,4
1065726,1,1,1,1,2,1,3,1,1,2
1066373,5,2,3,4,2,7,3,6,1,4
1066979,3,2,1,1,1,1,2,1,1,2
1067444,5,1,1,1,2,1,2,1,1,2
1070935,2,1,1,1,2,1,2,1,1,2
1071760,1,1,3,1,2,1,1,1,1,2
1072179,3,1,1,1,1,1,2,1,1,2
1074610,2,1,1,1,2,1,3,1,1,2
1075123,10,7,7,3,8,5,7,4,3,4
1079304,2,1,1,2,2,1,3,1,1,2
1080185,3,1,2,1,2,1,2,1,1,2
1081791,2,1,1,1,2,1,2,1,1,2
1084584,10,10,10,8,6,1,8,9,1,4
1091262,6,2,1,1,1,1,7,1,1,2
1096800,5,4,4,9,2,10,5,6,1,4
1099510,2,5,3,3,6,7,7,5,1,4
1100524,6,6,6,9,6,?,7,8,1,2
1102573,10,4,3,1,3,3,6,5,2,4
1103608,6,10,10,2,8,10,7,3,3,4
1103722,5,6,5,6,10,1,3,1,1,4
1105257,10,10,10,4,8,1,8,10,1,4
1105524,1,1,1,1,2,1,2,1,2,2
1106095,3,7,7,4,4,9,4,8,1,4
1106829,1,1,1,1,2,1,2,1,1,2
1108370,4,1,1,3,2,1,3,1,1,2
1108449,7,8,7,2,4,8,3,8,2,4
1110102,9,5,8,1,2,3,2,1,5,4
1110503,5,3,3,4,2,4,3,4,1,4
1110524,10,3,6,2,3,5,4,10,2,4
1111249,5,5,5,8,10,8,7,3,7,4
1112209,10,5,5,6,8,8,7,1,1,4
1113038,10,6,6,3,4,5,3,6,1,4
1113483,8,10,10,1,3,6,3,9,1,4
1113906,8,2,4,1,5,1,5,4,4,4
1115282,5,2,3,1,6,10,5,1,1,4
1115293,9,5,5,2,2,2,5,1,1,4
1116116,5,3,5,5,3,3,4,10,1,4
1116132,1,1,1,1,2,2,2,1,1,2
1116192,9,10,10,1,10,8,3,3,1,4
1116998,6,3,4,1,5,2,3,9,1,4
1117152,1,1,1,1,2,1,2,1,1,2
1118039,10,4,2,1,3,2,4,3,10,4
1120559,4,1,1,1,2,1,3,1,1,2
1121732,5,3,4,1,8,10,4,9,1,4
1121919,8,3,8,3,4,9,8,9,8,4
1123061,1,1,1,1,2,1,3,2,1,2
1124651,5,1,3,1,2,1,2,1,1,2
1125035,6,10,2,8,10,2,7,8,10,4
1126417,1,3,3,2,2,1,7,2,1,2
1131294,9,4,5,10,6,10,4,8,1,4
1132347,10,6,4,1,3,4,3,2,3,4
1133041,1,1,2,1,2,2,4,2,1,2
1133136,1,1,4,1,2,1,2,1,1,2
1136142,5,3,1,2,2,1,2,1,1,2
1137156,3,1,1,1,2,3,3,1,1,2
1143978,2,1,1,1,3,1,2,1,1,2
1147044,2,2,2,1,1,1,7,1,1,2
1147699,4,1,1,2,2,1,2,1,1,2
1147748,5,2,1,1,2,1,3,1,1,2
1148278,3,1,1,1,2,2,7,1,1,2
1148873,3,5,7,8,8,9,7,10,7,4
1152331,5,10,6,1,10,4,4,10,10,4
1155546,3,3,6,4,5,8,4,4,1,4
1156272,3,6,6,6,5,10,6,8,3,4
1156948,4,1,1,1,2,1,3,1,1,2
1157734,2,1,1,2,3,1,2,1,1,2
1158247,1,1,1,1,2,1,3,1,1,2
1160476,3,1,1,2,2,1,1,1,1,2
1164066,4,1,1,1,2,1,3,1,1,2
1165297,1,1,1,1,2,1,2,1,1,2
1165790,2,1,1,1,2,1,3,1,1,2
1165926,1,1,1,1,2,1,3,1,1,2
1166630,2,1,1,2,2,1,1,1,1,2
1166654,5,1,1,1,2,1,3,1,1,2
1167439,9,6,9,2,10,6,2,9,10,4
1167471,7,5,6,10,5,10,7,9,4,4
1168359,10,3,5,1,10,5,3,10,2,4
1168736,2,3,4,4,2,5,2,5,1,4
1169049,4,1,2,1,2,1,3,1,1,2
1170419,8,2,3,1,6,3,7,1,1,4
1170420,10,10,10,10,10,1,8,8,8,4
1171710,7,3,4,4,3,3,3,2,7,4
1171795,10,10,10,8,2,10,4,1,1,4
1171845,1,6,8,10,8,10,5,7,1,4
1172152,1,1,1,1,2,1,2,3,1,2
1173216,6,5,4,4,3,9,7,8,3,4
1173235,1,3,1,2,2,2,5,3,2,2
1173347,8,6,4,3,5,9,3,1,1,4
1173509,10,3,3,10,2,10,7,3,3,4
1173514,10,10,10,3,10,8,8,1,1,4
1173681,3,3,2,1,2,3,3,1,1,2
1174057,1,1,1,1,2,5,1,1,1,2
1174131,8,3,3,1,2,2,3,2,1,2
1174428,4,5,5,10,4,10,7,5,8,4
1175937,1,1,1,1,4,3,1,1,1,2
1176406,3,2,1,1,2,2,3,1,1,2
1176881,1,1,2,2,2,1,3,1,1,2
1177027,4,2,1,1,2,2,3,1,1,2
1177399,10,10,10,2,10,10,5,3,3,4
1177512,5,3,5,1,8,10,5,3,1,4
1178580,5,4,6,7,9,7,8,10,1,4
1179818,1,1,1,1,2,1,2,1,1,2
1180194,7,5,3,7,4,10,7,5,5,4
1180523,3,1,1,1,2,1,3,1,1,2
1180831,8,3,5,4,5,10,1,6,2,4
1181356,1,1,1,1,10,1,1,1,1,2
1182404,5,1,3,1,2,1,2,1,1,2
1182410,2,1,1,1,2,1,3,1,1,2
1183240,5,10,8,10,8,10,3,6,3,4
1183246,3,1,1,1,2,1,2,2,1,2
1183516,3,1,1,1,3,1,2,1,1,2
1183911,5,1,1,1,2,2,3,3,1,2
1183983,4,1,1,1,2,1,2,1,1,2
1184184,3,1,1,1,2,1,1,1,1,2
1184241,4,1,2,1,2,1,2,1,1,2
1184840,1,1,1,1,1,?,2,1,1,2
1185609,3,1,1,1,2,1,1,1,1,2
1185610,2,1,1,1,2,1,1,1,1,2
1187457,9,5,5,4,4,5,4,3,3,4
1187805,1,1,1,1,2,5,1,1,1,2
1188472,2,1,1,1,2,1,2,1,1,2
1189266,1,1,3,1,2,?,2,1,1,2
1189286,3,4,5,2,6,8,4,1,1,4
1190394,1,1,1,1,3,2,2,1,1,2
1190485,3,1,1,3,8,1,5,8,1,2
1192325,8,8,7,4,10,10,7,8,7,4
1193091,1,1,1,1,1,1,3,1,1,2
1193210,7,2,4,1,6,10,5,4,3,4
1193683,10,10,8,6,4,5,8,10,1,4
1196295,4,1,1,1,2,3,1,1,1,2
1196915,1,1,1,1,2,1,1,1,1,2
1197080,5,5,5,6,3,10,3,1,1,4
1197270,1,2,2,1,2,1,2,1,1,2
1197440,2,1,1,1,2,1,3,1,1,2
1197510,1,1,2,1,3,?,1,1,1,2
1197979,9,9,10,3,6,10,7,10,6,4
1197993,10,7,7,4,5,10,5,7,2,4
1198128,4,1,1,1,2,1,3,2,1,2
1198641,3,1,1,1,2,1,3,1,1,2
1199219,1,1,1,2,1,3,1,1,7,2
1199731,5,1,1,1,2,?,3,1,1,2
1199983,4,1,1,1,2,2,3,2,1,2
1200772,5,6,7,8,8,10,3,10,3,4
1200847,10,8,10,10,6,1,3,1,10,4
1200892,3,1,1,1,2,1,3,1,1,2
1200952,1,1,1,2,1,1,1,1,1,2
1201834,3,1,1,1,2,1,1,1,1,2
1201936,1,1,1,1,2,1,3,1,1,2
1202125,1,1,1,1,2,1,2,1,1,2
1202812,6,10,10,10,8,10,10,10,7,4
1203096,8,6,5,4,3,10,6,1,1,4
1204242,5,8,7,7,10,10,5,7,1,4
1204898,2,1,1,1,2,1,3,1,1,2
1205138,5,10,10,3,8,1,5,10,3,4
1205579,4,1,1,1,2,1,3,1,1,2
1206089,5,3,3,3,6,10,3,1,1,4
1206695,1,1,1,1,1,1,3,1,1,2
1206841,1,1,1,1,2,1,1,1,1,2
1207986,6,1,1,1,2,1,3,1,1,2
1208301,5,8,8,8,5,10,7,8,1,4
1210963,8,7,6,4,4,10,5,1,1,4
1211202,2,1,1,1,1,1,3,1,1,2
1212232,1,5,8,6,5,8,7,10,1,4
1212251,10,5,6,10,6,10,7,7,10,4
1212422,5,8,4,10,5,8,9,10,1,4
1213375,1,2,3,1,2,1,3,1,1,2
1213383,10,10,10,8,6,8,7,10,1,4
1214092,7,5,10,10,10,10,4,10,3,4
1214556,5,1,1,1,2,1,2,1,1,2
1214966,1,1,1,1,2,1,3,1,1,2
1216694,3,1,1,1,2,1,3,1,1,2
1216947,4,1,1,1,2,1,3,1,1,2
1217051,8,4,4,5,4,7,7,8,2,2
1217264,5,1,1,4,2,1,3,1,1,2
1218105,1,1,1,1,2,1,1,1,1,2
1218741,3,1,1,1,2,1,2,1,1,2
1218860,9,7,7,5,5,10,7,8,3,4
1219406,10,8,8,4,10,10,8,1,1,4
1219525,1,1,1,1,2,1,3,1,1,2
1219859,5,1,1,1,2,1,3,1,1,2
1220330,1,1,1,1,2,1,3,1,1,2
1221863,5,10,10,9,6,10,7,10,5,4
1222047,10,10,9,3,7,5,3,5,1,4
1222936,1,1,1,1,1,1,3,1,1,2
1223282,1,1,1,1,1,1,3,1,1,2
1223426,5,1,1,1,1,1,3,1,1,2
1223793,8,10,10,10,5,10,8,10,6,4
1223967,8,10,8,8,4,8,7,7,1,4
1224329,1,1,1,1,2,1,3,1,1,2
1225799,10,10,10,10,7,10,7,10,4,4
1226012,10,10,10,10,3,10,10,6,1,4
1226612,8,7,8,7,5,5,5,10,2,4
1227210,1,1,1,1,2,1,2,1,1,2
1227244,1,1,1,1,2,1,3,1,1,2
1227481,6,10,7,7,6,4,8,10,2,4
1228152,6,1,3,1,2,1,3,1,1,2
1228311,1,1,1,2,2,1,3,1,1,2
1230175,10,6,4,3,10,10,9,10,1,4
1230688,4,1,1,3,1,5,2,1,1,4
1231387,7,5,6,3,3,8,7,4,1,4
1231706,10,5,5,6,3,10,7,9,2,4
1232225,1,1,1,1,2,1,2,1,1,2
1236043,10,5,7,4,4,10,8,9,1,4
1241232,8,9,9,5,3,5,7,7,1,4
1241559,1,1,1,1,1,1,3,1,1,2
1241679,10,10,10,3,10,10,9,10,1,4
1242364,7,4,7,4,3,7,7,6,1,4
1243256,6,8,7,5,6,8,8,9,2,4
1270479,8,4,6,3,3,1,4,3,1,2
1276091,10,4,5,5,5,10,4,1,1,4
1277018,3,3,2,1,3,1,3,6,1,2
128059,3,1,4,1,2,?,3,1,1,2
1285531,10,8,8,2,8,10,4,8,10,4
1287775,9,8,8,5,6,2,4,10,4,4
144888,8,10,10,8,6,9,3,10,10,4
145447,10,4,3,2,3,10,5,3,2,4
167528,5,1,3,3,2,2,2,3,1,2
169356,3,1,1,3,1,1,3,1,1,2
183913,2,1,1,1,2,1,3,1,1,2
191250,1,1,1,1,2,5,5,1,1,2
242970,1,1,1,1,2,1,3,1,1,2
255644,5,1,1,2,2,2,3,1,1,2
263538,8,10,10,8,5,10,7,8,1,4
274137,8,4,4,1,2,9,3,3,1,4
303213,4,1,1,1,2,1,3,6,1,2
314428,3,1,1,1,2,?,3,1,1,2
320675,1,2,2,1,2,1,1,1,1,2
324427,10,4,4,10,2,10,5,3,3,4
385103,6,3,3,5,3,10,3,5,3,2
390840,6,10,10,2,8,10,7,3,3,4
411453,9,10,10,1,10,8,3,3,1,4
428903,5,6,6,2,4,10,3,6,1,4
431495,3,1,1,1,2,1,1,1,1,2
432809,3,1,1,1,2,1,2,1,1,2
434518,3,1,1,1,2,1,3,1,1,2
452264,5,7,7,1,5,8,3,4,1,2
456282,10,5,8,10,3,10,5,1,3,4
476903,5,10,10,6,10,10,10,6,5,4
486283,8,8,9,4,5,10,7,8,1,4
486662,10,4,4,10,6,10,5,5,1,4
488173,7,9,4,10,10,3,5,3,3,4
492268,5,1,4,1,2,1,3,2,1,2
508234,10,10,6,3,3,10,4,3,2,4
527363,3,3,5,2,3,10,7,1,1,4
529329,10,8,8,2,3,4,8,7,8,4
535331,1,1,1,1,2,1,3,1,1,2
543558,8,4,7,1,3,10,3,9,2,4
555977,5,1,1,1,2,1,3,1,1,2
560680,3,3,5,2,3,10,7,1,1,4
561477,7,2,4,1,3,4,3,3,1,4
563649,3,1,1,1,2,1,3,2,1,2
601265,3,1,3,1,2,?,2,1,1,2
606140,3,1,1,1,2,1,2,1,1,2
606722,1,1,1,1,2,1,2,1,1,2
616240,1,1,1,1,2,1,3,1,1,2
61634,10,5,7,3,3,7,3,3,8,4
625201,3,1,1,1,2,1,3,1,1,2
63375,2,1,1,2,2,1,3,1,1,2
635844,1,4,3,10,4,10,5,6,1,4
636130,10,4,6,1,2,10,5,3,1,4
640744,7,4,5,10,2,10,3,8,2,4
646904,8,10,10,10,8,10,10,7,3,4
653777,10,10,10,10,10,10,4,10,10,4
659642,3,1,1,1,3,1,2,1,1,2
666090,6,1,3,1,4,5,5,10,1,4
666942,5,6,6,8,6,10,4,10,4,4
667204,1,1,1,1,2,1,1,1,1,2
673637,1,1,1,1,2,1,3,1,1,2
684955,8,8,8,1,2,?,6,10,1,4
688033,10,4,4,6,2,10,2,3,1,4
691628,1,1,1,1,2,?,2,1,1,2
693702,5,5,7,8,6,10,7,4,1,4
704097,5,3,4,3,4,5,4,7,1,2
704168,5,4,3,1,2,?,2,3,1,2
706426,8,2,1,1,5,1,1,1,1,2
709287,9,1,2,6,4,10,7,7,2,4
718641,8,4,10,5,4,4,7,10,1,4
721482,1,1,1,1,2,1,3,1,1,2
730881,10,10,10,7,9,10,7,10,10,4
733639,1,1,1,1,2,1,3,1,1,2
733823,8,3,4,9,3,10,3,3,1,4
740492,10,8,4,4,4,10,3,10,4,4
743348,1,1,1,1,2,1,3,1,1,2
752904,1,1,1,1,2,1,3,1,1,2
756136,7,8,7,6,4,3,8,8,4,4
760001,3,1,1,1,2,5,5,1,1,2
760239,2,1,1,1,3,1,2,1,1,2
76389,1,1,1,1,2,1,1,1,1,2
764974,8,6,4,10,10,1,3,5,1,4
770066,1,1,1,1,2,1,1,1,1,2
785208,1,1,1,1,1,1,2,1,1,2
785615,4,6,5,6,7,?,4,9,1,2
792744,5,5,5,2,5,10,4,3,1,4
797327,6,8,7,8,6,8,8,9,1,4
798429,1,1,1,1,5,1,3,1,1,2
806423,4,4,4,4,6,5,7,3,1,2
809912,7,6,3,2,5,10,7,4,6,4
810104,3,1,1,1,2,?,3,1,1,2
814265,3,1,1,1,2,1,3,1,1,2
814911,5,4,6,10,2,10,4,1,1,4
822829,1,1,1,1,2,1,3,1,1,2
826923,3,2,2,1,2,1,2,3,1,2
830690,10,1,1,1,2,10,5,4,1,4
831268,1,1,1,1,2,1,2,1,1,2
832226,8,10,3,2,6,4,3,10,1,4
832567,10,4,6,4,5,10,7,1,1,4
836433,10,4,7,2,2,8,6,1,1,4
837082,5,1,1,1,2,1,3,1,2,2
846832,5,2,2,2,2,1,2,2,1,2
850831,5,4,6,6,4,10,4,3,1,4
855524,8,6,7,3,3,10,3,4,2,4
857774,1,1,1,1,2,1,1,1,1,2
859164,6,5,5,8,4,10,3,4,1,4
859350,1,1,1,1,2,1,3,1,1,2
866325,1,1,1,1,1,1,2,1,1,2
873549,8,5,5,5,2,10,4,3,1,4
877291,10,3,3,1,2,10,7,6,1,4
877943,1,1,1,1,2,1,3,1,1,2
888169,2,1,1,1,2,1,1,1,1,2
888523,1,1,1,1,2,1,1,1,1,2
896404,7,6,4,8,10,10,9,5,3,4
897172,1,1,1,1,2,1,1,1,1,2
95719,5,2,2,2,3,1,1,3,1,2
160296,1,1,1,1,1,1,1,3,1,2
342245,3,4,4,10,5,1,3,3,1,4
428598,4,2,3,5,3,8,7,6,1,4
492561,5,1,1,3,2,1,1,1,1,2
493452,2,1,1,1,2,1,3,1,1,2
521441,3,4,5,3,7,3,4,6,1,2
636437,2,7,10,10,7,10,4,9,4,4
640712,1,1,1,1,2,1,2,1,1,2
654244,4,1,1,1,3,1,2,2,1,2
657753,5,3,3,1,3,3,3,3,3,4
685977,8,10,10,7,10,10,7,3,8,4
805448,8,10,5,3,8,4,4,10,3,4
846423,10,3,5,4,3,7,3,5,3,4
1002504,6,10,10,10,10,10,8,10,10,4
1022257,3,10,3,10,6,10,5,1,4,4
1026122,3,2,2,1,4,3,2,1,1,2
1071084,4,4,4,2,2,3,2,1,1,2
1080233,2,1,1,1,2,1,3,1,1,2
1114570,2,1,1,1,2,1,2,1,1,2
1116715,6,10,10,10,8,10,7,10,7,4
1131411,5,8,8,10,5,10,8,10,3,4
1151734,1,1,3,1,2,1,1,1,1,2
1156017,1,1,3,1,1,1,2,1,1,2
1158405,4,3,2,1,3,1,2,1,1,2
1168278,1,1,3,1,2,1,1,1,1,2
1176187,4,1,2,1,2,1,2,1,1,2
1196263,5,1,1,2,2,1,2,1,1,2
1196475,3,1,2,1,2,1,2,1,1,2
1206314,1,1,1,1,2,1,1,1,1,2
1211265,1,1,1,1,2,1,2,1,1,2
1213784,1,1,1,1,1,1,2,1,1,2
1223003,3,1,1,4,3,1,2,2,1,2
1223306,5,3,4,1,4,1,3,1,1,2
1223543,1,1,1,1,2,1,1,1,1,2
1229929,10,6,3,6,4,10,7,8,4,4
1231853,3,2,2,2,2,1,3,2,1,2
1234554,2,1,1,1,2,1,1,1,1,2
1236837,2,1,1,1,2,1,1,1,1,2
1237674,3,3,2,2,3,1,1,2,3,2
1238021,7,6,6,3,2,10,7,1,1,4
1238464,5,3,3,2,3,1,3,1,1,2
1238633,2,1,1,1,2,1,2,2,1,2
1238915,5,1,1,1,3,2,2,2,1,2
1238948,1,1,1,2,2,1,2,1,1,2
1239232,10,8,7,4,3,10,7,9,1,4
1239347,3,1,1,1,2,1,2,1,1,2
1239967,1,1,1,1,1,1,1,1,1,2
1240337,1,2,3,1,2,1,2,1,1,2
1253505,3,1,1,1,2,1,2,1,1,2
1255384,3,1,1,1,2,1,3,1,1,2
1257200,4,1,1,1,2,1,1,1,1,2
1257648,3,2,1,1,2,1,2,2,1,2
1257815,1,2,3,1,2,1,1,1,1,2
1257938,3,10,8,7,6,9,9,3,8,4
1258549,3,1,1,1,2,1,1,1,1,2
1258556,5,3,3,1,2,1,2,1,1,2
1266154,3,1,1,1,2,4,1,1,1,2
1272039,1,2,1,3,2,1,1,2,1,2
1277629,1,1,1,1,2,1,2,1,1,2
1293439,4,2,2,1,2,1,2,1,1,2
1294562,1,1,1,1,2,1,2,1,1,2
1295186,2,3,2,2,2,2,3,1,1,2
527337,3,1,2,1,2,1,2,1,1,2
558538,1,1,1,1,2,1,2,1,1,2
566509,1,1,1,1,1,?,2,1,1,2
608157,10,10,10,6,8,4,8,5,1,4
677910,5,1,2,1,2,1,3,1,1,2
734111,8,5,6,2,3,10,6,6,1,4
780555,3,3,2,6,3,3,3,5,1,2
827627,8,7,8,5,10,10,7,2,1,4
1049837,1,1,1,1,2,1,2,1,1,2
1058849,5,2,2,2,2,2,3,2,2,2
1193544,2,3,1,1,5,1,1,1,1,2
1201870,3,2,2,3,2,3,3,1,1,2
1202253,10,10,10,7,10,10,8,2,1,4
1227081,4,3,3,1,2,1,3,3,1,2
1230994,5,1,3,1,2,1,2,1,1,2
1238410,3,1,1,1,2,1,1,1,1,2
1246562,9,10,10,10,10,10,10,10,1,4
1257470,5,3,6,1,2,1,1,1,1,2
1259008,8,7,8,2,4,2,5,10,1,4
1266124,1,1,1,1,2,1,2,1,1,2
1267898,2,1,1,1,2,1,2,1,1,2
1268313,1,3,1,1,2,1,2,2,1,2
1268804,5,1,1,3,4,1,3,2,1,2
1280258,5,1,1,1,2,1,2,2,1,2
1293966,3,2,2,3,2,1,1,1,1,2
1296572,6,9,7,5,5,8,4,2,1,2
1298416,10,8,10,1,3,10,5,1,1,4
1299596,10,10,10,1,6,1,2,8,1,4
1181685,4,1,1,1,2,1,1,1,1,2
1211594,4,1,3,3,2,1,1,1,1,2
1238777,5,1,1,1,2,1,1,1,1,2
1257608,10,4,3,10,4,10,10,1,1,4
1269574,5,2,2,4,2,4,1,1,1,2
1277145,1,1,1,3,2,3,1,1,1,2
1287282,1,1,1,1,2,2,1,1,1,2
1296025,5,1,1,6,3,1,2,1,1,2
1296263,2,1,1,1,2,1,1,1,1,2
1296593,1,1,1,1,2,1,1,1,1,2
1299161,5,1,1,1,2,1,1,1,1,2
1301945,1,1,1,1,1,1,1,1,1,2
1302428,5,7,9,8,6,10,8,10,1,4
1318169,4,1,1,3,1,1,2,1,1,2
474162,5,1,1,1,2,1,1,1,1,2
787451,3,1,1,3,2,1,1,1,1,2
1002025,4,5,5,8,6,10,10,7,1,4
1070522,2,3,1,1,3,1,1,1,1,2
1073960,10,2,2,1,2,6,1,1,2,4
1076352,10,6,5,8,5,10,8,6,1,4
1084139,8,8,9,6,6,3,10,10,1,4
1119189,5,1,2,1,2,1,1,1,1,2
1133991,5,1,3,1,2,1,1,1,1,2
1142706,5,1,1,3,2,1,1,1,1,2
1155967,3,1,1,1,2,5,1,1,1,2
1170945,6,1,1,3,2,1,1,1,1,2
1181567,4,1,1,1,2,1,1,2,1,2
1204558,4,1,1,1,2,1,1,1,1,2
1217952,10,9,8,7,6,4,7,10,3,4
1224565,10,6,6,2,4,10,9,7,1,4
1238186,6,6,6,5,4,10,7,6,2,4
1253917,4,1,1,1,2,1,1,1,1,2
1265899,1,1,2,1,2,1,2,1,1,2
1268766,3,1,1,1,1,1,2,1,1,2
1277268,6,1,1,3,2,1,1,1,1,2
1286943,6,1,1,1,1,1,1,1,1,2
1295508,4,1,1,1,2,1,1,1,1,2
1297327,5,1,1,1,2,1,1,1,1,2
1297522,3,1,1,1,2,1,1,1,1,2
1298360,4,1,2,1,2,1,1,1,1,2
1299924,4,1,1,1,2,1,1,1,1,2
1299994,5,2,1,1,2,1,1,1,1,2
1304595,4,8,7,10,4,10,7,5,1,4
1306282,5,1,1,1,1,1,1,1,1,2
1313325,5,3,2,4,2,1,1,1,1,2
1320077,9,10,10,10,10,5,10,10,10,4
1320304,8,7,8,5,5,10,9,10,1,4
1330439,5,1,2,1,2,1,1,1,1,2
333093,1,1,1,3,1,3,1,1,1,2
369565,3,1,1,1,1,1,2,1,1,2
412300,10,10,10,10,6,10,8,1,5,4
672113,3,6,4,10,3,3,3,4,1,4
749653,6,3,2,1,3,4,4,1,1,4
769612,1,1,1,1,2,1,1,1,1,2
807657,5,8,9,4,3,10,7,1,1,4
8233704,4,1,1,1,1,1,2,1,1,2
837480,5,10,10,10,6,10,6,5,2,4
867392,5,1,2,10,4,5,2,1,1,2
869828,3,1,1,1,1,1,2,1,1,2
1043068,1,1,1,1,1,1,1,1,1,2
1056171,4,2,1,1,2,1,1,1,1,2
1061990,4,1,1,1,2,1,2,1,1,2
1113061,4,1,1,1,2,1,2,1,1,2
1135090,6,1,1,1,2,1,3,1,1,2
1145420,4,1,1,1,2,1,2,1,1,2
1158157,4,1,1,2,2,1,2,1,1,2
1171578,4,1,1,1,2,1,3,1,1,2
1174841,1,1,1,1,2,1,1,1,1,2
1184586,3,3,1,1,2,1,1,1,1,2
1186936,8,10,10,10,7,5,4,8,7,4
1197527,1,1,1,1,2,4,1,1,1,2
1222464,5,1,1,1,2,1,1,1,1,2
1240603,2,1,1,1,2,1,1,1,1,2
1241035,1,1,1,1,2,1,1,1,1,2
1287971,5,1,1,1,2,1,2,1,1,2
1289391,5,1,1,1,2,1,1,1,1,2
1306339,3,1,1,1,1,1,2,1,1,2
1313658,6,6,7,10,3,10,8,10,2,4
1313982,4,10,4,7,3,10,9,10,1,4
1321264,1,1,1,1,1,1,1,1,1,2
1321321,1,1,1,1,1,1,2,1,1,2
1321348,3,1,2,2,2,1,1,1,1,2
1321931,4,7,8,3,4,10,9,1,1,4
1321942,1,1,1,1,3,1,1,1,1,2
1328331,4,1,1,1,3,1,1,1,1,2
1328755,10,4,5,4,3,5,7,3,1,4
1331405,7,5,6,10,4,10,5,3,1,4
1331412,3,1,1,1,2,1,2,1,1,2
1333104,3,1,1,2,2,1,1,1,1,2
1334071,4,1,1,1,2,1,1,1,1,2
1343068,4,1,1,1,2,1,3,1,1,2
1343374,6,1,3,2,2,1,1,1,1,2
1344121,4,1,1,1,1,1,2,1,1,2
142932,7,4,4,3,4,10,6,9,1,4
183936,4,2,2,1,2,1,2,1,1,2
324382,1,1,1,1,1,1,3,1,1,2
378275,3,1,1,1,2,1,2,1,1,2
690557,2,1,1,1,2,1,2,1,1,2
695091,1,1,3,2,2,1,3,1,1,2
695219,5,1,1,1,2,1,3,1,1,2
824249,5,1,2,1,2,1,3,1,1,2
871549,4,1,1,1,2,1,2,1,1,2
878358,6,1,1,1,2,1,2,1,1,2
1107684,5,1,1,1,2,2,2,1,1,2
1115762,3,1,1,1,2,1,1,1,1,2
1217717,5,3,1,1,2,1,1,1,1,2
1239420,4,1,1,1,2,1,2,1,1,2
1254538,2,1,3,2,2,1,2,1,1,2
1261751,5,1,1,1,2,1,2,1,1,2
1268275,6,10,10,10,4,10,7,10,1,4
1272166,2,1,1,1,1,1,1,1,1,2
1294261,3,1,1,1,1,1,1,1,1,2
1295529,7,8,3,7,4,5,7,8,2,4
1298484,3,1,1,1,2,1,2,1,1,2
1311875,1,1,1,1,2,1,3,1,1,2
1315506,3,2,2,2,2,1,4,2,1,2
1320141,4,4,2,1,2,5,2,1,2,2
1325309,3,1,1,1,2,1,1,1,1,2
1333063,4,3,1,1,2,1,4,8,1,2
1333495,5,2,2,2,1,1,2,1,1,2
1334659,5,1,1,3,2,1,1,1,1,2
1336798,2,1,1,1,2,1,2,1,1,2
1344449,5,1,1,1,2,1,2,1,1,2
1350568,5,1,1,1,2,1,3,1,1,2
1352663,5,1,1,1,2,1,3,1,1,2
188336,1,1,1,1,2,1,3,1,1,2
352431,3,1,1,1,2,1,2,1,1,2
353098,4,1,1,1,2,1,3,2,1,2
557583,5,7,10,10,5,10,10,10,1,4
636375,3,1,2,1,2,1,3,1,1,2
736150,4,1,1,1,2,3,2,1,1,2
803531,8,4,4,1,6,10,2,5,2,4
1016634,10,10,8,10,6,5,10,3,1,4
1031608,8,10,4,4,8,10,8,2,1,4
1041043,7,6,10,5,3,10,9,10,2,4
1042252,3,1,1,1,2,1,2,1,1,2
1057067,1,1,1,1,2,1,2,1,1,2
1073836,10,9,7,3,4,2,7,7,1,4
1083817,5,1,2,1,2,1,3,1,1,2
1096352,5,1,1,1,2,1,2,1,1,2
1140597,1,1,1,1,2,1,2,1,1,2
1149548,1,1,1,1,2,1,2,1,1,2
1174009,1,1,1,1,2,1,3,1,1,2
1183596,5,1,2,1,2,1,2,1,1,2
1190386,5,7,10,6,5,10,7,5,1,4
1190546,6,10,5,5,4,10,6,10,1,4
1213273,3,1,1,1,2,1,1,1,1,2
1218982,5,1,1,6,3,1,1,1,1,2
1225382,1,1,1,1,2,1,1,1,1,2
1235807,8,10,10,10,6,10,10,10,1,4
1253955,5,1,1,1,2,1,2,2,1,2
1257366,9,8,8,9,6,3,4,1,1,4
1260659,5,1,1,1,2,1,1,1,1,2
1268952,4,10,8,5,4,1,10,1,1,4
1275807,2,5,7,6,4,10,7,6,1,4
1277792,10,3,4,5,3,10,4,1,1,4
1285722,5,1,2,1,2,1,1,1,1,2
1288608,4,8,6,3,4,10,7,1,1,4
1290203,5,1,1,1,2,1,2,1,1,2
1294413,4,1,2,1,2,1,2,1,1,2
1303489,5,1,3,1,2,1,3,1,1,2
1311033,3,1,1,1,2,1,2,1,1,2
1311108,5,2,4,1,1,1,1,1,1,2
1315807,3,1,1,1,2,1,2,1,1,2
1318671,1,1,1,1,1,1,2,1,1,2
1319609,4,1,1,1,2,1,2,1,1,2
1323477,5,4,6,8,4,1,8,10,1,4
1324572,5,3,2,8,5,10,8,1,2,4
1324681,10,5,10,3,5,8,7,8,3,4
1325159,4,1,1,2,2,1,1,1,1,2
1326892,1,1,1,1,2,1,1,1,1,2
1330361,5,10,10,10,10,10,10,1,1,4
1333877,5,1,1,1,2,1,1,1,1,2
1334015,10,4,3,10,3,10,7,1,2,4
1334667,5,10,10,10,5,2,8,5,1,4
1339781,8,10,10,10,6,10,10,10,10,4
13454352,2,3,1,1,2,1,2,1,1,2
1345452,2,1,1,1,1,1,2,1,1,2
1345593,4,1,3,1,2,1,2,1,1,2
1347749,3,1,1,1,2,1,2,1,1,2
1347943,1,1,1,1,1,?,1,1,1,2
1348851,4,1,1,1,2,1,2,1,1,2
1350319,5,1,1,1,2,1,2,1,1,2
1350423,3,1,1,1,2,1,2,1,1,2
1352848,6,3,3,3,3,2,6,1,1,2
1353092,7,1,2,3,2,1,2,1,1,2
1354840,1,1,1,1,2,1,1,1,1,2
1355260,5,1,1,2,1,1,2,1,1,2
1365075,3,1,3,1,3,4,1,1,1,2
1365328,4,6,6,5,7,6,7,7,3,4
1368267,2,1,1,1,2,5,1,1,1,2
1368273,2,1,1,1,2,1,1,1,1,2
1368882,4,1,1,1,2,1,1,1,1,2
1369821,6,2,3,1,2,1,1,1,1,2
1371026,5,1,1,1,2,1,2,1,1,2
1371920,1,1,1,1,2,1,1,1,1,2
466906,8,7,4,4,5,3,5,10,1,4
534555,3,1,1,1,2,1,1,1,1,2
536708,3,1,4,1,2,1,1,1,1,2
566346,10,10,7,8,7,1,10,10,3,4
603148,4,2,4,3,2,2,2,1,1,2
654546,4,1,1,1,2,1,1,1,1,2
714039,5,1,1,3,2,1,1,1,1,2
763235,4,1,1,3,2,1,1,1,1,2
776715,3,1,1,1,2,1,2,1,1,2
841769,3,1,1,1,2,1,2,1,1,2
888820,1,1,1,1,2,1,1,1,1,2
897471,2,1,1,1,2,1,1,1,1,2
,3,1,1,1,2,1,2,1,1,2
,1,2,2,1,2,1,1,1,1,2
,1,1,1,3,2,1,1,1,1,2
,5,10,10,10,10,2,10,10,10,4
,3,1,1,1,2,1,2,1,1,2
,3,1,1,2,3,4,1,1,1,2
,1,2,1,3,2,1,2,1,1,2
,5,1,1,1,2,1,2,2,1,2
,4,1,1,1,2,1,2,1,1,2
,3,1,1,1,2,1,3,1,1,2
,3,1,1,1,2,1,2,1,1,2
,5,1,1,1,2,1,2,1,1,2
,5,4,5,1,8,1,3,6,1,2
,7,8,8,7,3,10,7,2,3,4
,1,1,1,1,2,1,1,1,1,2
,1,1,1,1,2,1,2,1,1,2
,4,1,1,1,2,1,3,1,1,2
,1,1,3,1,2,1,2,1,1,2
,1,1,3,1,2,1,2,1,1,2
,3,1,1,3,2,1,2,1,1,2
,1,1,1,1,2,1,1,1,1,2
,5,2,2,2,2,1,1,1,2,2
,3,1,1,1,2,1,3,1,1,2
,5,7,4,1,6,1,7,10,3,4
,5,10,10,8,5,5,7,10,1,4
,3,10,7,8,5,8,7,4,1,4
,3,2,1,2,2,1,3,1,1,2
,2,1,1,1,2,1,3,1,1,2
,5,3,2,1,3,1,1,1,1,2
,1,1,1,1,2,1,2,1,1,2
,4,1,4,1,2,1,1,1,1,2
,1,1,2,1,2,1,2,1,1,2
,5,1,1,1,2,1,1,1,1,2
,1,1,1,1,2,1,1,1,1,2
,2,1,1,1,2,1,1,1,1,2
,10,10,10,10,5,10,10,10,7,4
,5,10,10,10,4,10,5,6,3,4
,5,1,1,1,2,1,3,2,1,2
,1,1,1,1,2,1,1,1,1,2
,1,1,1,1,2,1,1,1,1,2
,1,1,1,1,2,1,1,1,1,2
,1,1,1,1,2,1,1,1,1,2
,3,1,1,1,2,1,2,3,1,2
,4,1,1,1,2,1,1,1,1,2
,1,1,1,1,2,1,1,1,8,2
,1,1,1,3,2,1,1,1,1,2
,5,10,10,5,4,5,4,4,1,4
,3,1,1,1,2,1,1,1,1,2
,3,1,1,1,2,1,2,1,2,2
,3,1,1,1,3,2,1,1,1,2
,2,1,1,1,2,1,1,1,1,2
,5,10,10,3,7,3,8,10,2,4
,4,8,6,4,3,4,10,6,1,4
,4,8,8,5,4,5,10,4,1,4
