9817 
7464 
8465 
5596 
6629 
3971 
6470 
7973 
8656 
8838 
672 
4988 
7791 
4668 
6060 
8737 
7952 
2481 
6114 
3427 
8498 
6917 
8908 
4698 
5703 
7057 
2172 
3746 
5322 
4151 
8484 
4133 
1502 
9019 
4629 
2630 
5671 
331 
1706 
9273 
8738 
3405 
4474 
5613 
1123 
9418 
2610 
8772 
4767 
8609 
5512 
3216 
4550 
4307 
3651 
6638 
139 
6546 
1707 
6056 
6180 
2077 
7478 
6378 
7306 
9351 
4859 
5200 
2536 
4634 
1794 
8113 
7255 
4929 
8154 
6115 
1187 
9693 
6204 
4935 
5306 
7178 
4498 
8037 
9796 
6101 
8583 
7733 
8588 
1998 
6943 
3443 
8381 
8378 
7926 
4422 
8456 
2982 
5716 
2423 
2224 
5195 
1161 
3570 
6602 
3673 
8423 
3910 
7408 
3300 
2744 
3429 
9079 
6861 
5779 
371 
7500 
2338 
9418 
4791 
4714 
5556 
4046 
9325 
5861 
4914 
9707 
1851 
8172 
8915 
8472 
2687 
3115 
9404 
6463 
5236 
5286 
6731 
5375 
3124 
840 
9174 
2753 
5828 
7634 
8406 
6618 
5443 
6879 
7723 
5129 
3260 
7876 
8099 
160 
4875 
2111 
6369 
9564 
771 
4159 
4994 
9028 
1549 
3328 
1808 
1210 
4870 
4555 
1668 
4827 
7406 
3734 
3440 
922 
5554 
6624 
1240 
1740 
1366 
2234 
864 
7541 
4633 
379 
8185 
2244 
9827 
6029 
6279 
5644 
2280 
4797 
7373 
9099 
7426 
8515 
5636 
4520 
3478 
5365 
3943 
5130 
4625 
8418 
7097 
6158 
8660 
2720 
1989 
6649 
6379 
857 
4490 
1803 
5129 
5673 
5190 
3013 
719 
5206 
7972 
4294 
3014 
429 
5764 
5197 
5063 
720 
5089 
5148 
5743 
5028 
5417 
6470 
9365 
4212 
5232 
5696 
4367 
7907 
57 
2257 
7193 
2781 
4903 
8131 
1595 
1231 
8390 
8748 
7410 
6789 
2878 
9490 
9114 
9795 
1907 
2005 
9054 
3060 
758 
1518 
5763 
5786 
5471 
4925 
6214 
9465 
1681 
6683 
6974 
449 
3869 
8541 
8988 
7155 
279 
4393 
6671 
8232 
7595 
4703 
9839 
7482 
5807 
4806 
206 
1333 
6927 
3350 
7636 
6522 
5627 
2273 
7455 
554 
4921 
2484 
6343 
8376 
1911 
9195 
6509 
4048 
3834 
6324 
8214 
9662 
9689 
8679 
8310 
1374 
2873 
333 
9468 
1854 
1996 
557 
50 
5011 
4609 
3440 
3381 
2898 
4902 
8356 
7744 
7704 
1225 
6248 
3605 
2415 
2631 
5779 
3977 
3248 
5144 
9094 
6401 
3801 
8816 
4543 
1048 
6917 
5222 
2119 
8194 
3185 
8982 
6714 
8737 
5453 
2102 
3242 
3072 
156 
4781 
2105 
8500 
8314 
5023 
6952 
5011 
4831 
5235 
104 
7732 
7448 
4663 
324 
534 
855 
5872 
6983 
3088 
6625 
8188 
9577 
7586 
400 
9750 
6218 
1110 
2074 
6443 
2586 
7553 
4669 
7012 
3923 
2951 
9188 
5577 
189 
5292 
6629 
3218 
2139 
1745 
3067 
6203 
4264 
2097 
446 
8252 
8394 
5302 
1349 
5413 
8867 
8036 
7278 
9638 
2861 
2502 
349 
9118 
890 
7201 
3718 
7481 
1071 
941 
6585 
3958 
5530 
5899 
1038 
8617 
7746 
6130 
2962 
3047 
7344 
4449 
9302 
7895 
1974 
905 
9906 
7023 
6819 
957 
6564 
7096 
6576 
3806 
5800 
5182 
2874 
3327 
490 
310 
6399 
6 
5898 
6515 
6903 
3460 
2814 
8137 
2721 
1168 
2188 
2872 
4038 
3259 
5534 
3768 
1579 
9835 
6165 
5417 
9298 
5618 
5396 
1494 
7691 
2983 
2472 
4399 
4229 
7913 
9079 
8093 
1814 
6268 
544 
7160 
1512 
7587 
6462 
7513 
6408 
6367 
4807 
7201 
6808 
8161 
6019 
9541 
1678 
5743 
5980 
7178 
473 
4837 
2615 
1851 
375 
7555 
7354 
1921 
7613 
4566 
2905 
939 
3234 
7409 
8928 
8251 
9851 
3225 
1194 
6500 
3463 
8211 
3526 
1031 
6845 
7429 
5935 
9229 
1948 
2430 
7953 
1774 
922 
4642 
798 
5099 
2513 
9458 
6087 
5711 
8577 
9169 
5166 
9252 
6549 
9096 
9562 
3644 
8618 
5173 
9039 
3853 
814 
5103 
8398 
5653 
8734 
9246 
9602 
7284 
102 
494 
6805 
89 
7757 
5276 
7623 
4615 
6590 
5094 
9024 
2588 
5553 
9990 
834 
5471 
1184 
4444 
8675 
241 
3779 
9156 
2629 
2582 
1924 
5198 
1888 
7846 
1841 
2230 
2904 
1056 
6192 
3375 
9216 
2339 
2554 
2760 
8805 
9662 
8959 
7639 
8893 
3449 
6904 
9251 
2446 
1051 
4124 
1171 
5504 
5177 
2119 
7001 
5682 
3626 
8130 
8790 
8127 
2543 
1333 
2170 
6349 
5046 
6820 
2054 
7737 
2410 
4581 
5745 
8231 
1923 
3671 
6463 
7566 
7825 
7609 
988 
5483 
2263 
3182 
1361 
3800 
4649 
7122 
9591 
8061 
8660 
8031 
2298 
4186 
3502 
9642 
4166 
915 
3522 
2291 
7629 
2081 
6962 
473 
9126 
5811 
3320 
108 
1699 
8033 
6310 
9092 
3131 
3488 
8106 
9772 
2123 
7892 
475 
7634 
3973 
4356 
8943 
8065 
2111 
9714 
3093 
987 
8192 
9429 
2180 
1626 
8574 
4732 
9349 
2355 
6289 
4736 
4104 
2368 
6091 
3782 
6847 
3229 
7662 
6988 
6750 
9526 
8428 
1171 
4674 
4667 
6351 
1413 
5831 
7358 
7066 
9438 
7121 
5681 
7058 
183 
6978 
9789 
2635 
4390 
1989 
1081 
5068 
8552 
4281 
6033 
6420 
8406 
4936 
355 
9522 
5239 
1427 
230 
3005 
4687 
8970 
5173 
8037 
4292 
90 
2724 
2406 
9492 
7012 
6688 
7814 
3127 
3417 
1691 
753 
6954 
4485 
7995 
2126 
279 
9313 
3334 
846 
2796 
5759 
9652 
3049 
1001 
3871 
1674 
3387 
6256 
9092 
5799 
6627 
371 
1822 
7899 
9038 
6108 
2217 
415 
3621 
1567 
2024 
630 
3358 
2124 
8099 
4836 
1182 
1587 
829 
1133 
8338 
6807 
1747 
1903 
2332 
5785 
6278 
373 
4129 
7700 
3263 
5256 
9016 
6243 
7777 
871 
6357 
5652 
7908 
7997 
3133 
108 
5746 
4920 
9001 
7290 
6403 
7815 
3562 
3348 
2677 
9267 
996 
9765 
5650 
1862 
600 
305 
3608 
546 
2512 
9720 
2671 
6195 
5083 
6926 
4552 
1358 
4065 
6588 
8383 
9469 
981 
9300 
607 
4891 
2886 
7953 
4968 
5442 
7496 
4418 
6418 
1139 
4603 
5574 
7742 
774 
4849 
1502 
9119 
2264 
4449 
6579 
4841 
7840 
6656 
1762 
3088 
7252 
2661 
7297 
3267 
49 
4229 
4384 
3758 
7921 
9446 
5921 
4582 
6776 
8063 
4125 
5869 
4723 
7015 
9912 
4837 
8188 
5378 
9076 
5460 
9317 
4541 
3650 
60 
1979 
9649 
7676 
5756 
2369 
1664 
3964 
1586 
4100 
8734 
2515 
5550 
1219 
4751 
7261 
1903 
2660 
1448 
4129 
9508 
9818 
6023 
6586 
1961 
5243 
8247 
1635 
2245 
3587 
4121 
9695 
9610 
3228 
1228 
1804 
5252 
7496 
7550 
5645 
6709 
3767 
2051 
7744 
4370 
7816 
9405 
9403 
6070 
9057 
211 
611 
4285 
2342 
9057 
2594 
4769 
1581 
8349 
9629 
4847 
9293 
5552 
1945 
1350 
7996 
3572 
6166 
4482 
7086 
3535 
4385 
5457 
9311 
2346 
1581 
3707 
5413 
247 
7588 
3036 
6807 
2922 
6589 
9250 
7105 
6033 
686 
6690 
1432 
4266 
4839 
4430 
117 
7178 
1914 
4128 
9394 
4892 
2467 
8393 
8202 
9797 
1665 
6216 
4235 
1924 
3596 
5156 
4265 
1120 
2751 
9961 
9895 
8885 
1407 
4331 
8043 
1546 
603 
1672 
6408 
6728 
3890 
6814 
6136 
4243 
6198 
174 
6656 
206 
3276 
9685 
9169 
3900 
1615 
6131 
5641 
4999 
1647 
3962 
8478 
8969 
449 
8253 
8040 
1883 
7525 
8330 
7183 
9053 
4415 
7153 
5533 
5136 
2178 
6011 
3100 
8202 
107 
5892 
9029 
2535 
6660 
7995 
265 
5336 
2721 
8944 
7452 
5572 
7020 
7689 
5650 
403 
2221 
2374 
2973 
3526 
431 
6029 
3949 
7387 
7043 
591 
2606 
354 
2687 
4545 
8212 
9583 
4436 
1731 
1301 
3641 
4975 
3904 
6972 
9299 
1919 
2116 
2172 
8748 
4342 
8617 
8535 
8379 
2514 
5184 
4054 
4302 
7003 
6247 
5812 
447 
9716 
9440 
4734 
9808 
5547 
4345 
2100 
8755 
6373 
9293 
8646 
4507 
4305 
3322 
7952 
8267 
8012 
1590 
6241 
7176 
6214 
2295 
8168 
6143 
435 
697 
1191 
9442 
5783 
5693 
2805 
7397 
8603 
2493 
7459 
1817 
8538 
2756 
4190 
8175 
3059 
8661 
5904 
8718 
5201 
2625 
1758 
7665 
7302 
4200 
7278 
7299 
215 
1995 
7615 
50 
2088 
6252 
5860 
4818 
4603 
9634 
5758 
2865 
3454 
322 
9185 
3158 
2267 
191 
9905 
905 
1120 
2660 
9286 
1887 
6192 
1727 
8354 
7209 
3619 
1965 
1138 
1903 
7655 
5198 
5241 
7716 
4894 
909 
6143 
460 
6394 
4747 
1918 
9282 
3778 
8048 
3686 
1490 
5804 
9340 
6244 
3841 
125 
5587 
4773 
1746 
4164 
9263 
2023 
3898 
7137 
7876 
725 
3610 
2682 
5000 
3274 
4065 
2234 
4833 
4630 
5628 
2627 
7733 
4724 
1758 
1802 
6433 
7331 
4749 
151 
9407 
2400 
9066 
2254 
5888 
9952 
8673 
7718 
9205 
3640 
5176 
201 
7857 
4418 
2832 
6227 
6946 
4992 
9518 
7694 
855 
8480 
6384 
1989 
3918 
7393 
3118 
1121 
424 
6054 
5474 
7728 
6412 
9383 
1981 
7842 
7766 
9927 
2544 
8737 
5454 
4249 
8062 
6821 
3233 
1864 
8777 
8418 
9406 
9881 
7820 
4057 
8985 
7706 
2825 
7861 
8740 
938 
660 
8318 
2088 
5754 
8139 
3897 
3495 
3688 
5057 
8810 
4602 
5547 
2757 
4901 
2617 
1746 
8092 
3803 
1021 
7985 
7330 
4575 
7388 
7299 
7598 
274 
7814 
8190 
5833 
1339 
839 
5437 
1583 
2265 
7948 
7014 
5211 
9211 
2165 
5163 
3741 
911 
2139 
1571 
493 
672 
9793 
7765 
2676 
6548 
5915 
5811 
9955 
4951 
5815 
7906 
7167 
4777 
8643 
4262 
3590 
9003 
6360 
7846 
6248 
1423 
2288 
5095 
5453 
1485 
8281 
2914 
6580 
4438 
2614 
7558 
5303 
6647 
136 
1401 
7762 
4960 
4624 
6541 
3851 
7870 
6855 
714 
695 
8082 
3424 
7263 
3209 
8049 
9518 
1573 
6238 
391 
7460 
9339 
4984 
5944 
8120 
4832 
8021 
9271 
5391 
7290 
2726 
5982 
1826 
9804 
1477 
7113 
7997 
6330 
4715 
4042 
1536 
7900 
6260 
9390 
8371 
598 
3818 
8549 
4856 
3750 
9034 
4092 
7223 
4542 
9525 
7754 
7364 
1051 
9961 
5135 
9217 
7793 
6273 
3625 
6368 
8365 
9643 
9341 
8773 
9876 
5393 
5591 
6781 
2917 
6507 
8839 
9963 
819 
8124 
7796 
4487 
4462 
6782 
8866 
7329 
1038 
6833 
4508 
6359 
565 
490 
7891 
5937 
8760 
9865 
9262 
5677 
5089 
8935 
9098 
1716 
8928 
8439 
2232 
9354 
1677 
5778 
8093 
6594 
8620 
2764 
7613 
4939 
8835 
7162 
2450 
9427 
850 
2673 
7394 
9135 
9085 
6170 
8208 
4369 
9958 
5995 
2930 
6853 
2889 
9087 
9026 
8492 
3541 
7045 
161 
1445 
8813 
7685 
3234 
7050 
2185 
1174 
9021 
634 
5110 
4700 
3630 
8819 
1865 
2037 
455 
4085 
4326 
5065 
8611 
805 
5108 
7355 
5258 
3408 
9942 
7749 
7466 
3423 
2774 
3150 
7677 
4002 
6103 
2880 
4393 
4735 
358 
8190 
5751 
5377 
8105 
6934 
2130 
3406 
5346 
3099 
3596 
5347 
7857 
552 
2909 
9409 
9167 
9339 
5118 
5122 
9255 
7184 
4353 
3655 
8856 
3442 
3616 
4862 
5625 
7828 
4149 
3926 
3236 
5572 
4391 
2873 
6575 
3840 
9320 
810 
6956 
6647 
1013 
8922 
8545 
4802 
9089 
3619 
6760 
1383 
5751 
3795 
180 
1051 
2905 
5332 
1097 
1410 
6016 
4329 
739 
3755 
5554 
2891 
2297 
1331 
4783 
8517 
8128 
241 
6334 
8878 
8124 
5778 
7461 
2027 
5404 
3474 
6628 
8080 
6328 
1385 
7482 
2304 
411 
8397 
8614 
8585 
5132 
1531 
3359 
1605 
6447 
6818 
7956 
4551 
6120 
9164 
3886 
7266 
8351 
9083 
7123 
5709 
136 
1097 
5768 
2266 
9082 
6725 
1543 
4477 
2257 
8644 
3849 
2618 
7614 
5327 
643 
7445 
2818 
3891 
9367 
8257 
5093 
3686 
5385 
7987 
1561 
7513 
1371 
2041 
6577 
2021 
7235 
1501 
9707 
2672 
1291 
1331 
2335 
9458 
3092 
6418 
7719 
4931 
5320 
7160 
8177 
4061 
8318 
8248 
2872 
5644 
216 
4252 
6624 
4334 
5644 
4989 
7300 
1088 
4893 
941 
5721 
3153 
3782 
1603 
5784 
4226 
6453 
2261 
7948 
4023 
942 
1063 
2179 
9805 
1846 
2254 
2491 
9579 
1311 
3778 
2012 
7656 
7889 
8964 
567 
5424 
7441 
3953 
896 
868 
4806 
1171 
9241 
7571 
4562 
1491 
4478 
5278 
5766 
3800 
1559 
1057 
8554 
5503 
8503 
5607 
2547 
5804 
8734 
4757 
5096 
1695 
1606 
4386 
5058 
1466 
3224 
1994 
7272 
8442 
4373 
1213 
9711 
188 
4222 
871 
5890 
4147 
2017 
4716 
1574 
3056 
7822 
7881 
8916 
587 
8876 
7574 
6861 
8389 
7840 
2047 
3940 
4282 
85 
5095 
8909 
1713 
5182 
1866 
8622 
194 
3745 
7377 
8435 
4565 
9669 
7490 
1215 
5125 
4351 
7585 
6573 
1606 
5594 
5477 
896 
5255 
199 
4524 
135 
3919 
225 
6915 
81 
4516 
5266 
8504 
3639 
3875 
280 
5570 
4668 
2965 
1211 
2304 
2141 
9164 
5012 
2454 
6479 
6224 
3008 
109 
4924 
2840 
5888 
5096 
8272 
3493 
1129 
9763 
9421 
3903 
8027 
9041 
6449 
881 
3848 
1842 
6641 
1679 
3493 
2935 
8874 
1299 
8035 
1313 
4697 
6071 
6866 
3413 
1811 
1032 
1548 
2007 
3178 
9656 
1958 
2924 
4072 
5237 
846 
6339 
8505 
5304 
5782 
4601 
1412 
552 
5020 
2138 
4709 
7639 
5379 
4796 
656 
9391 
4056 
1935 
2948 
2585 
9302 
1844 
1053 
7223 
1038 
3406 
6435 
7181 
952 
2758 
1668 
7529 
9913 
3438 
5782 
1602 
7663 
3492 
8145 
8569 
8604 
2079 
2511 
2748 
3168 
948 
8305 
929 
1624 
7102 
497 
3001 
5143 
8813 
8081 
4978 
8086 
1818 
9310 
7725 
2788 
5514 
9258 
9519 
9289 
7075 
2794 
1354 
9148 
989 
1336 
4037 
1101 
5253 
8035 
1323 
481 
2299 
434 
7316 
8716 
1171 
7836 
5660 
205 
5177 
3997 
8353 
6701 
2143 
4524 
5256 
4262 
6427 
4941 
567 
1565 
5485 
6517 
8097 
2376 
9073 
7059 
7169 
3886 
6966 
6407 
7958 
369 
9655 
9970 
8855 
3100 
6536 
9005 
9191 
78 
2719 
3403 
5398 
2848 
5332 
6044 
2955 
381 
3838 
8226 
397 
7141 
6507 
7988 
6306 
7404 
6654 
7151 
6707 
3516 
5811 
4750 
14 
1506 
6678 
4921 
6643 
2118 
6772 
9100 
2379 
4200 
7311 
916 
2907 
8427 
39 
8352 
4388 
8571 
2359 
3963 
5239 
9559 
3244 
9129 
7315 
4924 
3460 
2001 
6683 
4329 
5409 
4411 
1728 
2665 
3754 
1444 
7875 
7228 
5838 
4814 
8933 
1741 
4353 
2798 
7282 
3591 
8497 
8391 
9838 
5913 
2200 
8759 
6643 
1464 
3617 
2506 
5816 
580 
5053 
2543 
4411 
8010 
4135 
2178 
4990 
8488 
4149 
7915 
1122 
8178 
5101 
6414 
3448 
1131 
9268 
9901 
8212 
6475 
5859 
2516 
1457 
97 
3335 
505 
6490 
7469 
919 
5596 
4244 
9492 
3053 
7610 
8983 
3924 
1227 
4880 
2215 
6430 
5979 
7119 
1744 
5806 
4751 
1346 
8928 
8270 
7021 
7561 
5540 
6942 
664 
3996 
4929 
9136 
7578 
8510 
2016 
9672 
9292 
3542 
9656 
3472 
1221 
1380 
8426 
8966 
8242 
5848 
1300 
6400 
6463 
406 
4114 
7522 
1317 
2657 
8522 
381 
3328 
7478 
8146 
3881 
3797 
9745 
370 
9163 
2462 
4644 
3365 
2931 
7363 
7740 
2398 
4073 
9600 
1521 
8108 
8309 
2544 
2642 
9798 
9870 
1466 
2673 
3292 
4413 
8749 
6473 
1912 
3088 
4147 
1157 
5743 
8399 
3710 
3253 
2626 
8232 
8359 
58 
9824 
7667 
5014 
8551 
6383 
8273 
2725 
8557 
5265 
2793 
6944 
1778 
2332 
8101 
2548 
5856 
2546 
8586 
2511 
3088 
2261 
2761 
915 
6207 
1270 
4651 
9840 
9818 
5984 
9944 
5769 
2893 
9698 
2358 
1983 
9412 
5783 
2458 
8852 
9732 
6564 
6999 
630 
7214 
2134 
3518 
306 
122 
2095 
2341 
7592 
561 
4413 
615 
1305 
3590 
7768 
3057 
8139 
9576 
9974 
6447 
31 
9597 
3577 
8079 
6668 
227 
5136 
6608 
4620 
9845 
7074 
8286 
7627 
9647 
4146 
4694 
5727 
7320 
3824 
6838 
4617 
7396 
9028 
8614 
9912 
1569 
8474 
6980 
9165 
6922 
3208 
3039 
7832 
6378 
2817 
5236 
2988 
1822 
280 
7316 
988 
7557 
1294 
278 
9819 
7539 
2140 
476 
1780 
2883 
7001 
392 
2018 
2845 
8354 
6029 
490 
514 
836 
7597 
526 
5304 
1526 
1354 
1482 
9093 
5720 
2361 
7579 
5325 
1544 
5438 
733 
9675 
4029 
2295 
1887 
7909 
8652 
8555 
3412 
4463 
2116 
76 
7178 
8815 
1187 
3896 
5376 
9718 
4234 
9104 
5730 
8258 
863 
4938 
8665 
6374 
8780 
7635 
6966 
7931 
8667 
556 
381 
4415 
3669 
9774 
1074 
3118 
8727 
2496 
2423 
4527 
8340 
941 
693 
5273 
526 
5744 
7479 
4087 
7874 
7131 
1715 
3516 
9138 
3954 
9934 
7809 
8966 
3817 
4219 
4727 
5595 
9561 
9272 
4659 
5284 
1265 
505 
8034 
708 
9342 
7009 
2581 
409 
9296 
2975 
6854 
4837 
1963 
2915 
2417 
8330 
1194 
8754 
165 
1146 
4522 
7171 
1419 
4699 
4266 
9703 
1692 
8945 
6456 
8572 
7712 
5588 
5411 
1625 
7752 
3758 
708 
4202 
4062 
7367 
6989 
429 
6790 
3871 
125 
668 
9783 
8465 
8322 
3746 
7398 
350 
9579 
3319 
4772 
1972 
1425 
8560 
2698 
9025 
5633 
2865 
3033 
7262 
5184 
6267 
9138 
5280 
8241 
4432 
5572 
7297 
1340 
5227 
680 
7912 
4183 
5093 
7538 
2320 
4103 
8740 
7154 
5881 
3072 
1091 
5195 
5645 
1415 
5820 
2754 
4243 
3931 
9389 
5306 
4828 
6798 
9210 
1240 
2851 
3388 
1571 
8184 
7617 
9126 
8092 
6936 
3121 
1392 
7966 
6552 
3227 
4905 
4660 
4811 
8171 
394 
3177 
3100 
965 
5451 
5744 
6748 
6361 
7108 
6093 
131 
1066 
5939 
7876 
2480 
1391 
8831 
2997 
710 
7948 
2577 
9752 
8021 
672 
2894 
1712 
3779 
4233 
5777 
6958 
295 
1553 
4711 
2702 
7693 
5756 
4014 
8198 
147 
6126 
6914 
2331 
8243 
1275 
4088 
5273 
3763 
2987 
8060 
3344 
5480 
8916 
792 
1361 
136 
7510 
4674 
8340 
243 
2390 
8875 
3150 
2458 
7210 
6583 
7566 
6970 
2371 
2113 
6895 
1186 
5653 
7055 
3404 
8608 
505 
7315 
2054 
283 
6924 
9987 
9637 
4663 
7154 
5903 
8402 
9643 
4143 
2120 
9031 
4629 
4156 
9033 
2449 
3553 
5807 
8490 
579 
2 
2955 
8976 
1856 
2287 
6948 
7028 
7325 
270 
6792 
2029 
2210 
3019 
1404 
7623 
2941 
8906 
8514 
7839 
1817 
8856 
6602 
1860 
7282 
9075 
7690 
5322 
5282 
9619 
4808 
8238 
5881 
1775 
9025 
6279 
12 
492 
5979 
7206 
5267 
2897 
7760 
2769 
3156 
4994 
599 
5141 
5482 
9608 
5701 
4481 
2520 
2463 
3925 
6951 
1349 
7959 
2422 
6381 
4281 
4085 
4573 
6582 
557 
875 
6695 
3664 
4350 
4280 
9405 
4569 
7440 
3305 
5656 
4984 
3520 
7678 
1409 
7375 
6911 
4758 
9465 
514 
761 
2408 
6379 
6230 
5679 
40 
4351 
4981 
9696 
1132 
6537 
4836 
7081 
7135 
8527 
775 
3012 
6936 
6499 
8771 
6558 
8711 
1225 
1209 
2946 
9002 
8187 
4653 
3928 
5146 
660 
6334 
566 
2125 
3 
8925 
7144 
1309 
3476 
9482 
4872 
7368 
8253 
8966 
289 
7625 
7844 
4223 
4718 
767 
564 
6913 
5580 
7714 
9416 
256 
7542 
8279 
477 
2180 
276 
3466 
1386 
1337 
6673 
3978 
4063 
5422 
3841 
1033 
9708 
1092 
8463 
4108 
5629 
5846 
7876 
7063 
4712 
4308 
405 
3943 
2346 
4699 
8449 
4057 
6530 
7499 
2939 
3297 
9091 
4651 
361 
7042 
1620 
877 
9255 
2890 
8412 
8815 
3003 
9007 
1030 
9422 
6987 
7347 
2990 
1320 
1270 
3416 
9112 
5542 
1119 
7393 
9693 
4413 
5216 
4708 
2084 
6030 
6951 
4763 
1341 
3905 
3183 
1433 
3639 
2157 
4042 
6952 
1638 
6411 
8881 
8203 
3923 
3993 
4041 
1605 
5053 
194 
1614 
1753 
1412 
2003 
812 
9469 
5953 
9653 
175 
9896 
4486 
6659 
5166 
1261 
712 
2377 
4786 
7438 
1454 
2687 
1492 
1181 
5207 
1630 
7411 
3110 
1819 
2867 
88 
7978 
8952 
7698 
7612 
5009 
9953 
1700 
1633 
3062 
5786 
6214 
7192 
6265 
300 
2602 
9334 
3212 
8878 
3719 
3929 
8486 
2567 
5296 
6814 
4166 
8278 
4283 
9576 
4287 
4451 
4107 
6149 
263 
7298 
5390 
3656 
7613 
5963 
5910 
5762 
3474 
539 
6972 
819 
1554 
962 
9806 
910 
5458 
1777 
2780 
7218 
5917 
1202 
5355 
556 
2019 
5890 
4427 
1928 
5863 
2249 
7946 
1432 
8250 
1004 
1672 
1520 
1639 
6578 
4633 
961 
2404 
9575 
6679 
4317 
7791 
7420 
1690 
6644 
6341 
6821 
990 
9876 
1376 
7154 
7722 
9554 
7942 
2769 
2909 
7513 
2668 
541 
5136 
8932 
2551 
1106 
2289 
7199 
7774 
9460 
6455 
7610 
2542 
3197 
1302 
5625 
4975 
6206 
8162 
4128 
2115 
3015 
7706 
5528 
8731 
2831 
5883 
1855 
6522 
3764 
4509 
8003 
8164 
4455 
711 
2268 
9205 
5119 
980 
2722 
3369 
8190 
4572 
8985 
9586 
292 
1662 
3598 
9362 
5956 
132 
1420 
2543 
3846 
1823 
5173 
1371 
6778 
5791 
1362 
4906 
1067 
6655 
2874 
3949 
1819 
9735 
8892 
365 
4207 
2589 
1656 
7376 
8148 
6706 
2396 
3473 
6750 
5784 
9084 
8688 
9324 
3770 
2543 
5097 
6914 
8373 
6389 
7464 
837 
5103 
7011 
61 
5157 
9658 
1578 
8875 
7138 
7196 
781 
9639 
4610 
2220 
3049 
887 
624 
9367 
9062 
2762 
2750 
7183 
7454 
3446 
155 
8231 
1055 
5190 
2325 
7917 
2540 
1102 
39 
6646 
9963 
8096 
9508 
2880 
3264 
3005 
4232 
2533 
746 
8333 
4948 
7180 
4995 
2858 
3196 
5824 
5835 
9661 
2297 
6072 
2602 
661 
9824 
8859 
6225 
7894 
3877 
6742 
3252 
9538 
3324 
5776 
7289 
6844 
3569 
7751 
3729 
7859 
3631 
8159 
1369 
7618 
2974 
9941 
8164 
9271 
1952 
4844 
6467 
6080 
2360 
6656 
6215 
9739 
6840 
8283 
8880 
1620 
1072 
1536 
2391 
3390 
5877 
6648 
8553 
2401 
2547 
6581 
3447 
226 
8915 
2601 
8567 
9878 
6901 
1360 
4699 
3486 
1032 
8921 
2566 
815 
3861 
1824 
7527 
651 
337 
8423 
8774 
1125 
3974 
7004 
9182 
2884 
2554 
2494 
5281 
7076 
997 
1301 
2839 
8227 
9486 
9108 
5121 
420 
8363 
5614 
7140 
4055 
8504 
321 
1725 
8677 
305 
502 
4319 
1724 
2169 
6758 
4042 
8379 
6070 
3449 
330 
8001 
4743 
284 
1358 
5037 
1540 
1985 
5199 
2428 
3374 
5259 
9632 
4845 
2329 
1907 
3662 
6963 
7067 
2145 
8040 
993 
4914 
1023 
4802 
3782 
5739 
5107 
4304 
9420 
4528 
8965 
7249 
9018 
4685 
5147 
4459 
2063 
6077 
2126 
415 
5517 
630 
6621 
397 
8888 
8883 
2957 
6548 
5875 
4456 
9644 
1049 
4952 
6736 
4550 
4529 
5233 
3713 
1565 
9793 
942 
7675 
4747 
6165 
1521 
8720 
3670 
4291 
9847 
8024 
741 
326 
8982 
8098 
6617 
4636 
6852 
7794 
7481 
5799 
658 
8603 
9156 
7166 
6607 
7804 
9824 
5608 
1184 
2519 
1263 
9196 
9571 
9121 
568 
3153 
1534 
8184 
6645 
7665 
3062 
646 
7634 
8447 
4050 
7984 
5255 
3502 
7818 
493 
2988 
8530 
9789 
7309 
7727 
8835 
5883 
8931 
6789 
3460 
2240 
6664 
5966 
206 
4229 
598 
5712 
2209 
2835 
7846 
4967 
1799 
5079 
856 
1805 
242 
6882 
2367 
8209 
3643 
7067 
4766 
5377 
1074 
1732 
9908 
8798 
1837 
1139 
7848 
1051 
7542 
1221 
10000 
1470 
1649 
7274 
5208 
8670 
6766 
2950 
4057 
9061 
5350 
1316 
2179 
9946 
9459 
2494 
5207 
1575 
3106 
3492 
1906 
1994 
4033 
5476 
7534 
8962 
8122 
7226 
4723 
5092 
7375 
8555 
7152 
4168 
2812 
840 
4571 
7413 
1596 
2929 
5272 
57 
9142 
3481 
6080 
3760 
5023 
4975 
6843 
7927 
7792 
3805 
8299 
2257 
6942 
6049 
3986 
1203 
4002 
3696 
4643 
7011 
5067 
6078 
835 
8804 
9811 
3501 
358 
473 
1061 
9119 
281 
9667 
6707 
6006 
978 
3777 
9187 
7021 
8461 
5957 
6753 
7835 
2605 
9394 
8765 
5138 
4033 
125 
8641 
2418 
7863 
9192 
3319 
9512 
7015 
3152 
9668 
5818 
5190 
8219 
750 
4822 
3922 
461 
9146 
8519 
9547 
6550 
4700 
475 
9874 
9945 
4407 
8812 
122 
2722 
7843 
4865 
1672 
3918 
8065 
7630 
6390 
6579 
3331 
5224 
1948 
3676 
645 
9940 
8707 
1118 
725 
4519 
6180 
4977 
6176 
4573 
1256 
6444 
8615 
2513 
9148 
4408 
8429 
5594 
6080 
4589 
5254 
6724 
4418 
6183 
172 
7391 
4680 
3670 
6822 
4418 
1260 
9477 
5918 
6704 
4876 
3900 
5928 
7559 
3054 
135 
352 
4932 
3300 
9605 
2351 
3337 
9859 
1979 
5900 
8800 
9790 
3125 
5563 
6040 
1190 
1001 
8306 
9040 
2922 
7315 
4777 
4726 
4409 
4035 
7993 
5748 
5072 
7637 
5359 
4281 
6507 
3770 
65 
8779 
7217 
376 
216 
8571 
4970 
3311 
7812 
4205 
222 
3098 
1036 
3570 
83 
4749 
4867 
8901 
964 
4013 
9132 
2138 
669 
8828 
4332 
7682 
5294 
4226 
5167 
6975 
5483 
7594 
4520 
5228 
6181 
8452 
7620 
5071 
9168 
8378 
9997 
1605 
2785 
1256 
1651 
6370 
4974 
3781 
6897 
5782 
6439 
4093 
7875 
9843 
7026 
9192 
2414 
8177 
8951 
2423 
8279 
2272 
5531 
3445 
8581 
7902 
2279 
7709 
6565 
1638 
1736 
1675 
8018 
4882 
1849 
939 
761 
2660 
6613 
8850 
8513 
4901 
2102 
5511 
101 
9620 
3201 
4684 
6282 
3582 
4168 
9645 
6401 
1720 
4771 
6670 
7830 
1369 
2371 
8079 
2066 
7144 
7053 
7650 
5338 
7798 
6099 
7257 
3479 
4070 
6208 
5932 
6172 
7218 
3342 
4148 
9010 
9726 
7784 
3348 
6562 
1376 
4148 
9453 
3633 
6657 
4884 
752 
2189 
4829 
6714 
5869 
4178 
7532 
100 
9151 
9751 
8114 
2202 
1130 
2123 
1719 
7301 
8419 
5780 
3735 
3691 
2511 
5309 
8373 
4491 
9465 
534 
1582 
4304 
6261 
6068 
533 
8855 
3254 
7095 
7239 
9085 
867 
4014 
5062 
9596 
849 
9837 
133 
6777 
4095 
1966 
6105 
5224 
526 
9699 
9427 
2759 
995 
5754 
6074 
1360 
4259 
692 
491 
4363 
2482 
1435 
6504 
4238 
3571 
3539 
5779 
7615 
2992 
8918 
186 
98 
5652 
4103 
1803 
229 
9895 
8956 
285 
829 
4042 
2738 
103 
908 
8833 
6031 
7948 
7528 
2680 
9052 
5196 
1609 
2183 
7029 
7646 
1524 
5326 
705 
1178 
6186 
3434 
2734 
4595 
8970 
4152 
6454 
18 
652 
9237 
4107 
9173 
5061 
9070 
7484 
9158 
8751 
2013 
7709 
1617 
2708 
7572 
3561 
8958 
5052 
6973 
1607 
5370 
5658 
3494 
1248 
1751 
7071 
6277 
4519 
8493 
8106 
6990 
3380 
947 
2807 
9501 
1709 
7957 
1729 
764 
318 
6913 
1803 
7708 
8129 
994 
8164 
1934 
6938 
7516 
1303 
6227 
133 
5779 
9615 
1993 
7238 
465 
7823 
8151 
4947 
7396 
1090 
8545 
2427 
6577 
5126 
8440 
2734 
3768 
9307 
4184 
729 
6233 
1081 
9534 
4296 
743 
218 
6908 
9031 
9763 
7943 
664 
5691 
7975 
4186 
8450 
2396 
6039 
3103 
4676 
6521 
2148 
1199 
3639 
100 
9165 
5370 
5927 
8676 
9994 
4075 
1732 
3482 
4398 
1632 
1383 
1473 
12 
6747 
3388 
9070 
152 
4675 
3606 
2513 
2999 
5811 
1731 
7928 
4008 
9738 
2268 
3750 
4165 
690 
8993 
4618 
4687 
7971 
7000 
5480 
8225 
2726 
6278 
43 
4314 
2386 
3483 
3384 
1910 
404 
6611 
2955 
5307 
7765 
5417 
2713 
4684 
5341 
6382 
4304 
2598 
5150 
746 
2900 
7459 
9970 
8559 
3836 
1043 
7743 
720 
8341 
9615 
3538 
513 
7872 
3059 
2443 
7793 
8883 
4537 
6762 
5143 
190 
8320 
9070 
9162 
2038 
4414 
5665 
9538 
766 
4537 
2699 
2832 
5252 
9515 
1096 
9419 
6627 
3674 
3853 
192 
8899 
8404 
2440 
6107 
1341 
7677 
4842 
6230 
5039 
5853 
357 
7821 
4849 
2500 
42 
3017 
1451 
4177 
6649 
536 
856 
301 
4898 
2583 
2123 
430 
4472 
508 
8972 
339 
5487 
3961 
716 
2344 
2742 
7027 
933 
2595 
367 
8569 
8814 
3964 
1305 
1460 
4216 
9305 
88 
5433 
5470 
6388 
1950 
9278 
1245 
9897 
6426 
7425 
3860 
1427 
5495 
6764 
4018 
7203 
1890 
2537 
4672 
5472 
4002 
9083 
3727 
2769 
372 
1580 
8046 
7659 
100 
6256 
7350 
904 
12 
8695 
9815 
9213 
2469 
104 
6581 
5065 
5548 
3516 
2034 
5306 
9679 
554 
1895 
8389 
4287 
69 
2473 
8313 
6051 
6944 
1720 
817 
776 
9408 
4419 
8465 
4125 
1803 
5786 
3432 
9052 
7447 
734 
6608 
3447 
6331 
6464 
8821 
5304 
9893 
4736 
2299 
4438 
8510 
5462 
9871 
2912 
4907 
1691 
3456 
4581 
2431 
5096 
5202 
6814 
1958 
6139 
4297 
2956 
7837 
7367 
1940 
4785 
7651 
5165 
504 
9226 
8422 
1408 
4065 
7922 
1160 
3933 
6550 
5123 
3963 
2263 
5147 
4149 
5447 
2893 
6497 
6043 
7886 
5771 
3487 
750 
6850 
9200 
6468 
1980 
577 
5058 
4749 
6176 
147 
2567 
9523 
1809 
3997 
6421 
950 
2344 
7498 
3415 
3622 
1225 
8790 
1339 
1680 
6762 
1142 
1100 
1038 
3891 
5672 
8242 
6190 
2386 
8561 
8168 
3115 
5633 
6946 
2458 
256 
6131 
7503 
4162 
1711 
925 
2317 
8835 
2730 
5451 
6339 
9428 
6547 
8004 
3562 
7798 
127 
332 
3349 
7677 
9674 
1103 
615 
8753 
8992 
1234 
1144 
749 
3939 
6550 
1436 
1315 
5542 
4690 
1784 
2161 
2510 
9913 
7054 
82 
6246 
9732 
7545 
9059 
2112 
7822 
6983 
9773 
8888 
1572 
5328 
1635 
2555 
7322 
5883 
120 
2330 
4505 
2448 
7926 
8453 
9564 
6181 
7004 
6473 
9743 
4559 
2092 
9298 
1302 
844 
8828 
1160 
332 
7145 
7017 
9774 
1701 
5717 
3442 
8853 
1916 
119 
51 
2539 
5796 
1564 
9248 
1188 
1061 
3785 
4973 
9950 
4695 
1132 
5374 
2056 
8421 
3398 
4955 
2121 
9827 
5178 
6283 
9033 
136 
7769 
9362 
7307 
4903 
1265 
840 
3778 
9783 
3211 
1142 
3035 
7378 
9581 
5864 
1442 
2225 
8740 
3909 
1189 
5526 
2101 
3027 
7020 
1585 
2746 
6600 
4795 
1818 
7081 
5972 
4543 
1054 
4992 
7889 
7740 
8814 
167 
4300 
7799 
7829 
7896 
4850 
5115 
4238 
6211 
3087 
2330 
5501 
9534 
2654 
675 
9609 
886 
8756 
1820 
2335 
1036 
5890 
2259 
716 
4671 
6521 
4207 
6056 
474 
2985 
400 
6560 
2430 
5331 
4811 
4437 
4416 
7295 
7907 
5501 
5117 
2258 
4758 
1046 
4401 
7502 
5813 
41 
2003 
3791 
9024 
9995 
1970 
5010 
6772 
1680 
2178 
6035 
9683 
2032 
6676 
2737 
171 
2516 
4493 
4808 
7916 
8315 
664 
9444 
3421 
723 
4109 
7756 
2041 
1374 
4972 
2167 
6608 
6801 
2397 
9799 
6003 
1893 
4552 
9090 
1892 
357 
8815 
9046 
9146 
946 
1600 
7341 
7243 
2037 
7563 
7594 
3541 
4258 
5213 
8427 
5671 
2877 
7789 
917 
4210 
3817 
4589 
409 
7265 
5855 
7566 
584 
4208 
2935 
8174 
995 
4031 
1863 
4549 
7884 
821 
5120 
4510 
8611 
5335 
2078 
4482 
1638 
969 
6316 
973 
7130 
9742 
4820 
8088 
1044 
5143 
9357 
4633 
8612 
2741 
1328 
1535 
4788 
2695 
5390 
8525 
6625 
1901 
7555 
5881 
1119 
8862 
9049 
469 
4117 
3574 
7520 
8525 
8998 
528 
5878 
734 
2938 
2742 
1920 
4394 
6356 
3570 
9412 
1558 
2945 
281 
6625 
4644 
5931 
4737 
2789 
8039 
8722 
3370 
36 
9498 
3885 
974 
24 
6118 
9304 
5376 
9874 
7226 
9618 
8787 
6661 
9938 
7182 
7225 
2199 
6654 
5847 
5520 
6021 
1090 
8866 
2984 
3857 
8988 
2584 
4785 
5245 
9331 
9565 
2606 
4699 
310 
1435 
570 
9989 
155 
8601 
4168 
6836 
8313 
8227 
8194 
3894 
8459 
96 
7867 
587 
30 
9926 
1916 
154 
964 
8686 
9708 
7333 
3989 
5105 
9187 
5240 
8981 
3350 
3233 
1018 
8215 
7378 
6689 
8311 
3403 
6339 
2102 
4460 
8241 
5221 
504 
7962 
7598 
2110 
3256 
5219 
221 
1326 
4153 
307 
5268 
2716 
8858 
1380 
8013 
517 
4461 
2677 
8728 
8623 
2715 
5704 
375 
5289 
3173 
574 
2737 
204 
2373 
973 
7936 
8625 
9853 
1159 
4870 
5173 
5429 
6309 
1011 
9148 
2995 
6873 
601 
49 
7413 
2864 
5270 
8015 
8825 
785 
4984 
660 
1366 
6938 
1337 
8801 
8371 
8026 
3343 
7115 
1971 
3722 
6807 
3250 
8033 
1884 
9311 
8801 
3227 
7133 
9463 
3755 
5478 
2138 
4985 
8332 
6932 
6743 
3256 
8408 
4762 
8445 
8963 
9044 
7827 
134 
5527 
5821 
7813 
3124 
615 
1663 
1512 
1325 
3351 
1558 
4348 
4107 
2431 
6234 
713 
5889 
3624 
2873 
4322 
4729 
5431 
952 
2644 
5865 
2777 
1978 
7697 
3582 
691 
2229 
6801 
9294 
5411 
5065 
5371 
5894 
5657 
3044 
9094 
6319 
8828 
6946 
2791 
238 
1589 
7460 
9215 
9972 
3369 
9625 
8429 
7688 
8736 
8795 
8789 
1807 
70 
6762 
8734 
9031 
841 
731 
5383 
8849 
8940 
7096 
2734 
5466 
2448 
1011 
533 
1655 
9345 
9948 
695 
8201 
4501 
2081 
9602 
2326 
7057 
7685 
185 
1252 
7612 
8467 
9713 
3006 
7679 
5400 
8922 
1518 
5836 
186 
8353 
9735 
9841 
3887 
4544 
6332 
8835 
1212 
6419 
3897 
8301 
9084 
4051 
9416 
5639 
5804 
7301 
1250 
6409 
2071 
5380 
4079 
79 
4844 
565 
7698 
8130 
4877 
165 
1017 
1359 
249 
2243 
2978 
3354 
1890 
5975 
7681 
7930 
9571 
7584 
9567 
6420 
8680 
3933 
2307 
7509 
9696 
9652 
5089 
3709 
4379 
2487 
2477 
9254 
6534 
3553 
8350 
8214 
1170 
7989 
3541 
3389 
8623 
1128 
215 
5616 
5846 
3695 
6496 
1690 
3937 
8100 
9162 
6829 
5105 
9345 
1582 
342 
7949 
6021 
9365 
7043 
8655 
9596 
2271 
4124 
3757 
7025 
2485 
7939 
1826 
8012 
8442 
6917 
6983 
9529 
4568 
7546 
3249 
2791 
6321 
1516 
1722 
5553 
8783 
9027 
1082 
4592 
1391 
6643 
7439 
7401 
1927 
8969 
7563 
9535 
9813 
2536 
2602 
2789 
5502 
2972 
2057 
9507 
1889 
4186 
2085 
882 
7961 
5392 
8065 
3228 
3934 
6909 
5031 
9967 
792 
7769 
2290 
3558 
6831 
8565 
8442 
7614 
6915 
1440 
3085 
6672 
348 
4483 
6761 
4061 
1466 
3821 
3523 
1839 
5455 
4852 
1252 
8969 
5483 
8143 
7695 
6733 
8634 
6464 
6374 
2807 
1236 
131 
2432 
6447 
3295 
2981 
7360 
7261 
6215 
4439 
6886 
2698 
3652 
2775 
7678 
2902 
299 
848 
2108 
7344 
7100 
863 
1009 
5445 
2489 
9800 
7376 
793 
2441 
3071 
307 
7014 
5674 
98 
3956 
1928 
21 
8738 
3265 
5447 
6417 
456 
6953 
770 
4320 
2796 
8580 
4687 
7353 
9955 
6403 
5568 
8159 
3674 
9344 
9468 
6206 
6220 
7466 
9669 
763 
6454 
2438 
883 
3983 
1995 
2614 
5952 
9843 
7661 
2612 
3436 
7166 
676 
2725 
5814 
7099 
1533 
3700 
7395 
1177 
7767 
2579 
3762 
2395 
6237 
7568 
9900 
3765 
6677 
6840 
6966 
8913 
4612 
3398 
7379 
6168 
8246 
1353 
939 
9424 
2815 
2607 
6362 
7456 
4205 
2314 
206 
2923 
192 
2211 
1000 
7513 
9755 
1710 
6836 
7736 
8089 
9694 
8463 
1345 
8597 
2518 
7397 
7101 
2259 
6608 
2027 
8070 
8490 
1824 
7114 
75 
9179 
1997 
9138 
4502 
5143 
1882 
2377 
3277 
9302 
3535 
6527 
5323 
8242 
964 
8226 
8786 
6740 
2015 
7310 
8560 
3771 
8956 
9403 
8221 
8887 
4645 
7099 
6194 
7133 
1337 
1807 
8778 
5185 
10 
420 
6647 
7852 
5146 
5319 
6569 
784 
907 
9498 
4655 
231 
5803 
9691 
2880 
8430 
9186 
1326 
201 
9035 
4809 
2546 
4238 
8829 
4616 
3711 
2871 
7212 
51 
8313 
6965 
7775 
9095 
2207 
7833 
2539 
3554 
8500 
931 
5523 
8689 
6570 
4468 
1928 
1189 
6101 
4409 
8196 
8566 
3442 
2602 
5502 
4084 
4019 
4176 
4572 
4862 
1180 
6251 
5299 
6727 
5902 
6393 
3152 
542 
980 
2341 
5488 
80 
2873 
3486 
2769 
2667 
1449 
8889 
2034 
8334 
1387 
2759 
1017 
8221 
5995 
1148 
8236 
2702 
3181 
535 
9292 
6419 
964 
7564 
7773 
5102 
5978 
2653 
8729 
3513 
5951 
4870 
9405 
549 
7644 
4734 
4711 
1535 
6003 
3299 
816 
2493 
5350 
1859 
7308 
9729 
9378 
857 
3555 
8346 
6762 
1515 
4543 
3300 
3502 
9743 
9147 
3863 
1227 
6954 
2775 
4730 
346 
8804 
8418 
1736 
3016 
2087 
5720 
6427 
8630 
5777 
2122 
5050 
2147 
5606 
8061 
8796 
7058 
5489 
5459 
5649 
3933 
407 
6882 
3780 
3860 
8235 
9982 
4116 
6750 
9828 
3243 
2786 
8123 
7870 
5064 
4555 
9369 
4216 
2374 
8272 
3138 
8567 
6551 
5016 
6262 
5382 
4116 
3514 
9569 
5632 
1235 
426 
4250 
883 
9997 
2689 
587 
1094 
745 
9363 
4000 
5364 
2053 
1804 
3042 
2862 
1981 
4303 
68 
9310 
2044 
3252 
8120 
1919 
8143 
7785 
8619 
7333 
8693 
3399 
241 
9069 
7439 
4897 
7218 
5074 
6262 
4047 
4802 
2938 
5283 
4186 
9462 
3044 
6180 
9203 
8745 
8634 
6888 
8088 
8606 
5938 
2699 
2251 
513 
4729 
2087 
9180 
4984 
8039 
8822 
9822 
3969 
2717 
2663 
2225 
3829 
7866 
8458 
6842 
3837 
8807 
6133 
6902 
3949 
5220 
9194 
9050 
3436 
9352 
4624 
1166 
3427 
30 
2327 
2766 
2416 
5182 
2876 
9257 
2424 
8491 
120 
852 
8499 
4663 
994 
6665 
1286 
5503 
38 
7366 
5747 
4664 
6703 
8207 
4510 
4034 
8661 
8925 
403 
2298 
1730 
5151 
7120 
747 
4751 
4715 
2492 
6864 
4061 
9717 
9595 
5017 
577 
5680 
358 
114 
1776 
2958 
241 
5682 
2941 
1989 
6258 
9229 
880 
9127 
9324 
4490 
4772 
9218 
4351 
589 
9247 
5645 
6513 
3196 
1592 
1088 
2484 
5312 
5493 
1984 
9897 
3468 
3070 
1973 
2372 
8207 
3696 
2542 
1290 
960 
8242 
9631 
3844 
8031 
5166 
9718 
6538 
2219 
7958 
5398 
9320 
9994 
8091 
7422 
4222 
114 
1432 
8985 
7385 
3040 
4766 
9576 
5428 
6068 
860 
5936 
800 
4870 
8321 
268 
120 
1532 
5980 
3388 
7832 
6251 
2941 
9858 
4596 
7406 
6424 
1874 
3630 
8711 
1092 
3232 
3699 
5815 
8265 
4045 
7879 
1083 
805 
6023 
2102 
3074 
6642 
3174 
7794 
4510 
3558 
9532 
1012 
1373 
1828 
4028 
4603 
6779 
5521 
4420 
9424 
7964 
6191 
6299 
8237 
6865 
4402 
9282 
3867 
6896 
5588 
7823 
5098 
672 
8110 
7756 
6914 
1513 
5640 
6905 
2656 
4431 
3296 
4496 
8444 
4392 
520 
1576 
6832 
38 
9773 
8346 
7165 
7943 
2869 
8725 
8289 
5935 
9785 
9738 
219 
5876 
7805 
8199 
5993 
4971 
7557 
8270 
7493 
5513 
6372 
7478 
6194 
7711 
1876 
2798 
3711 
3132 
3756 
647 
3003 
2312 
3558 
6297 
6804 
8054 
8757 
988 
2051 
3586 
2439 
5328 
3734 
1071 
3016 
6388 
5309 
4715 
7797 
3983 
3425 
114 
5601 
5481 
1546 
7339 
8905 
262 
7485 
9468 
4040 
6446 
7724 
3685 
2319 
9312 
8046 
1846 
8990 
9214 
7928 
9375 
7817 
5332 
479 
4306 
1596 
4847 
3406 
2036 
4882 
4678 
7970 
785 
2959 
5471 
2728 
7171 
8248 
7961 
9093 
8073 
86 
9323 
4579 
1594 
965 
8224 
4561 
7279 
1541 
8385 
9915 
6471 
9241 
3241 
5185 
8993 
1854 
5207 
5867 
7339 
2302 
4441 
2510 
1559 
3543 
6420 
9169 
4678 
8763 
8646 
6174 
2499 
5969 
3672 
2540 
952 
98 
4500 
4877 
3619 
3670 
9378 
2775 
4641 
2738 
3316 
1357 
9473 
992 
8926 
1651 
7348 
1126 
2261 
2493 
5253 
9151 
4861 
1007 
5138 
5567 
6719 
8934 
8804 
4027 
4607 
1710 
8283 
8689 
6153 
7710 
9794 
462 
7088 
4000 
885 
3068 
4612 
2014 
7374 
337 
8752 
238 
209 
4968 
7369 
2084 
3905 
7090 
5601 
2197 
8930 
4332 
7630 
9891 
3351 
429 
7715 
7069 
3513 
1148 
3456 
5893 
6709 
272 
9853 
5915 
8736 
8448 
5893 
274 
7066 
887 
7539 
9606 
1243 
3927 
5541 
6571 
1546 
1809 
1200 
6488 
1550 
5419 
8290 
5562 
8920 
3243 
4824 
8760 
3766 
6024 
8039 
595 
9265 
6936 
4998 
2056 
5832 
8721 
881 
8797 
1203 
1074 
7395 
6997 
2318 
6249 
6178 
280 
1046 
2680 
6745 
8083 
9530 
3227 
1909 
497 
8338 
2330 
5529 
7970 
1769 
1816 
2356 
9840 
4116 
3395 
7641 
4703 
4316 
6564 
4689 
998 
560 
8125 
7479 
9446 
362 
6616 
2 
104 
2187 
9236 
7827 
495 
7587 
8083 
72 
1579 
8065 
5049 
4711 
9526 
6950 
7358 
2188 
3697 
6547 
2697 
4351 
4994 
2881 
9994 
1288 
1304 
8689 
9961 
511 
8477 
2523 
4192 
4533 
8957 
7756 
3797 
3546 
2958 
371 
6286 
8822 
1729 
8835 
4808 
5039 
5475 
5809 
1042 
74 
3402 
26 
2114 
1752 
3913 
9885 
4376 
7446 
7780 
7449 
3425 
5560 
1725 
3270 
3910 
9041 
5617 
6763 
9818 
6699 
3317 
8796 
45 
5456 
2906 
6857 
3421 
5970 
7856 
725 
5109 
4752 
3695 
5237 
8601 
4550 
9027 
3065 
8885 
1222 
6925 
5252 
9492 
5648 
3473 
8551 
8195 
1212 
9612 
7071 
2947 
5338 
6056 
8661 
723 
8374 
3570 
5481 
6519 
4637 
4932 
6794 
4299 
639 
9495 
1760 
718 
7228 
4353 
7086 
1511 
989 
9085 
609 
2113 
5239 
8266 
7918 
5495 
9702 
1348 
8359 
8592 
5127 
673 
2469 
4636 
8909 
2852 
8877 
3718 
237 
2941 
9541 
1807 
1753 
7020 
5411 
1056 
8724 
4311 
5834 
5462 
2651 
8949 
4865 
2004 
828 
1406 
7646 
8879 
9268 
4950 
1391 
8354 
7795 
8679 
6301 
5615 
2976 
1055 
1905 
450 
338 
2893 
2322 
2926 
7174 
4755 
9921 
5308 
754 
5289 
5473 
4604 
8039 
7810 
4196 
5606 
3266 
7984 
440 
9099 
3744 
6893 
846 
9184 
7265 
2479 
2116 
1986 
5536 
4409 
3167 
2376 
394 
8595 
6446 
9891 
5217 
9152 
8972 
2829 
7429 
7986 
4466 
9085 
6347 
2111 
4004 
9121 
4261 
7647 
5794 
1302 
9621 
8427 
3464 
3901 
4560 
908 
4839 
2581 
5675 
2916 
4091 
2173 
6132 
8574 
7210 
9061 
143 
4227 
4969 
1881 
4867 
795 
609 
2065 
5649 
9950 
2638 
9237 
6064 
4963 
571 
4820 
8387 
3022 
917 
5522 
3019 
7477 
8278 
1649 
4314 
236 
835 
6251 
1228 
620 
9540 
9901 
3256 
630 
594 
3623 
1445 
8478 
4195 
7206 
6704 
6801 
2310 
9581 
1305 
5559 
9577 
8882 
9345 
3560 
6591 
6940 
5297 
9224 
6836 
1472 
813 
6897 
2328 
665 
6963 
9894 
4256 
9433 
7129 
1689 
657 
569 
9415 
5044 
8112 
1393 
6016 
6672 
8937 
5637 
5112 
3470 
7341 
1224 
8452 
1518 
1949 
2342 
2246 
6246 
9120 
9217 
12 
3384 
7808 
741 
1944 
2650 
3414 
1750 
6988 
8404 
1180 
8626 
2458 
6349 
6516 
8279 
6038 
1341 
5473 
8355 
6357 
7086 
3480 
809 
8465 
4218 
7261 
2072 
940 
760 
8963 
2535 
9151 
7746 
5105 
7566 
4938 
4426 
2675 
6664 
1712 
4510 
4499 
3354 
6917 
8573 
1555 
4465 
2159 
8813 
2215 
421 
9546 
3424 
3127 
2325 
7609 
6264 
382 
7782 
1731 
1415 
4000 
3705 
3742 
8775 
9692 
5317 
2412 
9283 
2104 
5187 
3532 
6909 
6889 
4131 
5702 
1268 
3544 
706 
8899 
1981 
9960 
8370 
2313 
5810 
5981 
6272 
8072 
1186 
656 
9234 
6898 
2931 
9441 
7067 
6506 
5151 
2490 
6050 
3960 
6523 
733 
3790 
7757 
4735 
3931 
4547 
4074 
2093 
8580 
6711 
3113 
8009 
9074 
1839 
1617 
8603 
7159 
4552 
1220 
8305 
1098 
4193 
2881 
7809 
6530 
5102 
3368 
9541 
2375 
1108 
8905 
1086 
3106 
2902 
6113 
924 
5441 
7350 
2209 
6957 
4070 
5409 
5883 
6028 
573 
6298 
1206 
3436 
8420 
1165 
5891 
9290 
2767 
7099 
2240 
3538 
7662 
7468 
1015 
282 
2210 
4756 
9468 
3037 
7369 
5439 
8570 
8078 
6904 
1165 
2183 
2893 
3253 
56 
3599 
1979 
7518 
328 
612 
783 
9755 
5885 
5539 
563 
7873 
1551 
6380 
4509 
1734 
4305 
8209 
1323 
8119 
2916 
6826 
6620 
2858 
779 
7102 
1430 
2750 
6203 
4958 
9445 
5188 
4964 
1960 
1385 
276 
8925 
2456 
1728 
8977 
7985 
9273 
1875 
3209 
6648 
4879 
2095 
7412 
5792 
577 
6483 
7652 
2241 
872 
8171 
6186 
3969 
9036 
7094 
8977 
1638 
7714 
2171 
6864 
7100 
4025 
1273 
9518 
9228 
9711 
9840 
1472 
515 
1175 
4657 
8091 
2542 
9617 
1298 
1984 
1454 
2745 
5543 
8240 
7217 
7178 
4367 
1350 
4260 
9401 
5559 
1482 
4536 
6322 
63 
8344 
6257 
2659 
3157 
9018 
1249 
6027 
147 
4651 
8632 
3444 
553 
8053 
6965 
2461 
6492 
8642 
5822 
1991 
5183 
4415 
4970 
3631 
7139 
127 
4499 
5326 
3447 
343 
2380 
5855 
8895 
6850 
9103 
8661 
970 
900 
5143 
7972 
8216 
6327 
9753 
7322 
4023 
4229 
848 
5579 
8598 
4435 
3691 
327 
1029 
6227 
3391 
6327 
1870 
5037 
6729 
4774 
8522 
3427 
2209 
705 
6871 
8121 
6571 
5589 
6078 
4247 
9332 
2152 
2083 
9349 
8518 
8869 
3628 
1564 
6173 
6521 
7384 
9278 
2617 
9736 
5087 
6751 
2908 
6369 
4373 
6047 
5522 
4383 
2704 
439 
8567 
566 
6545 
2288 
2306 
7157 
2245 
3264 
3536 
5849 
4673 
6557 
1380 
7555 
4402 
2632 
6149 
6687 
4772 
930 
2720 
4579 
8719 
8908 
3661 
4807 
6797 
9508 
5364 
6613 
279 
3406 
9938 
4854 
6174 
2609 
2292 
5059 
9363 
1435 
6774 
9541 
5070 
4055 
8334 
4293 
7059 
3942 
4136 
5589 
1654 
5385 
8944 
3580 
1399 
2157 
6476 
1095 
5448 
8413 
644 
2508 
1333 
5176 
2688 
3567 
181 
5231 
7948 
9276 
1204 
6529 
8584 
7090 
8059 
7280 
5189 
1494 
6418 
8378 
7759 
6072 
3799 
7312 
1827 
1608 
514 
480 
7244 
7241 
2950 
5635 
6628 
4826 
7113 
2016 
3425 
5582 
6922 
8029 
5334 
236 
8266 
6589 
211 
391 
1499 
5966 
3759 
1970 
1321 
7872 
2823 
5135 
9670 
2727 
1400 
761 
9796 
476 
9406 
1164 
1511 
7622 
8272 
2464 
3179 
2407 
3823 
7314 
7784 
8705 
9864 
4144 
4511 
8498 
4077 
7634 
5666 
7529 
8223 
5410 
3846 
646 
4636 
9279 
5178 
664 
592 
5505 
7001 
1279 
7289 
3707 
2033 
3541 
5527 
9582 
6819 
6343 
3892 
8434 
119 
707 
5663 
9289 
1542 
3521 
3514 
7309 
39 
2483 
8357 
5818 
4078 
774 
8559 
3513 
4527 
3090 
3217 
2665 
6645 
8403 
624 
2942 
7432 
9705 
1898 
3120 
7501 
1980 
4945 
7470 
7298 
749 
4472 
5502 
8236 
3793 
7590 
5531 
6573 
3195 
2302 
9846 
4877 
2802 
7473 
362 
236 
1772 
4023 
8730 
2499 
5891 
3226 
1318 
6419 
9930 
3418 
4861 
5443 
210 
2883 
3725 
3557 
6073 
8450 
4842 
3598 
4047 
2469 
287 
1062 
3219 
3558 
2180 
2434 
6558 
1833 
6275 
1401 
1393 
7144 
3137 
1217 
675 
3808 
9209 
3523 
6229 
9441 
1818 
8412 
9881 
9296 
8378 
9739 
7745 
6400 
6725 
797 
6580 
9809 
3972 
2833 
923 
4460 
566 
6606 
4007 
8549 
901 
9408 
381 
416 
7803 
1398 
9836 
685 
6164 
931 
9859 
4182 
7916 
8137 
4170 
8742 
3463 
1001 
1674 
788 
3921 
4291 
7746 
6333 
4021 
1556 
8207 
3564 
6573 
678 
7413 
3968 
492 
3230 
1568 
4725 
9545 
6119 
9622 
356 
2005 
4689 
5478 
2131 
8946 
7888 
1731 
2919 
2450 
1856 
8205 
8449 
1346 
492 
9074 
6101 
4853 
6063 
1253 
4014 
3887 
1183 
4666 
3215 
1820 
949 
8263 
7771 
6007 
6779 
4334 
4881 
480 
2189 
8359 
799 
6728 
4207 
3740 
4608 
1117 
7171 
6121 
6155 
408 
9801 
1072 
1366 
2078 
5960 
1259 
6461 
2354 
6059 
6840 
421 
4039 
5414 
206 
1033 
4315 
3584 
7925 
9810 
4766 
1310 
5650 
3119 
6876 
2487 
7336 
3253 
8314 
3751 
5804 
2126 
2999 
5193 
2498 
9966 
6947 
4291 
1990 
256 
2307 
5698 
382 
9968 
9962 
9733 
1039 
368 
9665 
5183 
5842 
5431 
7755 
7070 
5335 
6324 
7061 
5622 
1824 
1788 
5482 
3987 
9162 
8588 
5557 
1316 
5413 
9749 
5673 
459 
9291 
310 
2911 
6848 
7708 
7905 
6548 
8984 
8000 
2396 
432 
8811 
9089 
4852 
610 
3113 
8823 
7539 
3928 
6792 
8977 
6082 
1338 
4808 
2779 
6772 
8826 
7973 
8976 
5811 
7573 
5850 
511 
1897 
5030 
6916 
2286 
461 
2406 
785 
3695 
6488 
9350 
8589 
3863 
2454 
6654 
8943 
4063 
9328 
2600 
3889 
493 
6535 
9966 
19 
8853 
3197 
3665 
1875 
9761 
4894 
9387 
6498 
3389 
2203 
9431 
3401 
7444 
1438 
4812 
8535 
1551 
1623 
8923 
5978 
8474 
4864 
8478 
6873 
5305 
9925 
9007 
1383 
8221 
2427 
7030 
5320 
3461 
4022 
7579 
4190 
353 
8240 
3488 
5756 
6860 
5466 
656 
1544 
5363 
629 
1283 
4148 
5979 
8278 
2028 
8498 
3209 
5765 
4853 
6766 
6546 
6008 
2636 
7502 
9992 
409 
5992 
4629 
5812 
4264 
8583 
7774 
3699 
7619 
6986 
2025 
4596 
5590 
7175 
1850 
1094 
3351 
1830 
5308 
8059 
947 
1158 
4859 
4016 
8929 
8275 
336 
1401 
3342 
5002 
8569 
7700 
7851 
9094 
4314 
7918 
8623 
1833 
5453 
5378 
59 
2711 
721 
66 
3459 
7266 
9968 
9846 
2779 
5557 
1629 
1984 
9375 
5158 
2455 
3744 
2453 
6564 
6993 
4076 
5803 
4311 
8577 
7146 
2864 
2905 
5080 
6699 
7170 
299 
8085 
7517 
3036 
8949 
2513 
3975 
2221 
4857 
7846 
3356 
9128 
3677 
9844 
5551 
5600 
6529 
7245 
7124 
2122 
4719 
1021 
8234 
261 
9611 
9650 
6822 
9338 
9081 
8279 
3872 
3422 
995 
8184 
8608 
657 
7615 
8954 
5107 
1093 
1262 
7649 
9535 
2948 
869 
4986 
7364 
3599 
1257 
8951 
4137 
8327 
9034 
9587 
5011 
7704 
2401 
2095 
9004 
1104 
9714 
4877 
8765 
1754 
8285 
4530 
2811 
6413 
1516 
7422 
2716 
1507 
8430 
7857 
7851 
2928 
143 
6329 
4472 
760 
268 
20 
9687 
1900 
381 
4264 
9704 
9637 
7499 
8736 
7608 
2087 
2733 
8673 
8188 
800 
6076 
9110 
4292 
9433 
6776 
601 
9395 
5973 
9066 
4659 
3212 
2420 
4374 
6489 
2891 
2739 
2678 
724 
3284 
6835 
7451 
6430 
9471 
8805 
2729 
4527 
8251 
7063 
5781 
9629 
2743 
1987 
6045 
7708 
310 
3720 
6775 
1633 
5110 
4660 
5815 
6543 
2376 
2395 
5585 
6851 
3680 
7677 
512 
3682 
7844 
6403 
8208 
3865 
2341 
1433 
9695 
909 
7469 
6326 
7294 
6460 
3597 
4271 
7475 
4502 
8367 
5738 
5182 
3380 
8810 
1334 
3170 
3939 
4704 
4876 
3367 
9856 
8638 
6967 
502 
108 
158 
2500 
2872 
5311 
9176 
8262 
8393 
3053 
5910 
7236 
816 
6347 
9251 
2310 
6797 
5254 
5181 
7481 
870 
7110 
1700 
9922 
2724 
2976 
3228 
2357 
1176 
9427 
5211 
7340 
5474 
3892 
3761 
2430 
8614 
4470 
5666 
5857 
9557 
1258 
2534 
5661 
604 
3349 
7193 
7062 
1043 
5425 
2540 
8507 
4619 
8925 
1060 
2520 
7825 
9068 
7029 
6668 
6851 
2493 
273 
6702 
7629 
2583 
249 
4130 
5926 
146 
2221 
6295 
9016 
6861 
330 
4954 
2505 
9281 
2376 
6815 
5055 
2006 
5381 
1932 
1192 
7029 
3946 
5504 
6962 
3337 
5834 
3046 
9782 
3954 
9319 
242 
3732 
7343 
1604 
6048 
6201 
9893 
2676 
8191 
892 
7749 
6060 
2683 
3082 
895 
9936 
7824 
524 
8912 
824 
9738 
7744 
2827 
1866 
4341 
3530 
8285 
887 
9180 
7062 
2888 
3663 
2448 
1051 
1104 
3477 
8079 
9011 
9487 
2262 
480 
5117 
5556 
7260 
5870 
1716 
1354 
1055 
6239 
9269 
3288 
152 
1123 
8512 
6132 
3425 
3058 
5738 
7552 
9113 
8358 
359 
6255 
3845 
5582 
6038 
7458 
9957 
4540 
9066 
2605 
7563 
9767 
3348 
6811 
3051 
4920 
2323 
6987 
8118 
1336 
1271 
701 
6892 
7701 
2544 
6829 
3013 
5361 
686 
6019 
8867 
6386 
384 
9824 
2090 
3799 
4547 
1452 
6314 
6579 
5628 
946 
4313 
503 
1058 
2043 
6689 
1709 
9901 
4524 
3972 
7792 
3305 
3776 
6163 
9314 
139 
5615 
7293 
7950 
850 
6923 
4578 
1640 
250 
5654 
3792 
9035 
748 
5612 
4711 
9368 
260 
2239 
6191 
9429 
5298 
8329 
9483 
6428 
8381 
9301 
3037 
8462 
7553 
1944 
3392 
4539 
3894 
852 
1989 
5599 
1048 
584 
9056 
6618 
9232 
7171 
2052 
1468 
6138 
4522 
9621 
6708 
2893 
8969 
4679 
8698 
7370 
5891 
2584 
5087 
6745 
5582 
2778 
9862 
3889 
2650 
3808 
8256 
1545 
5180 
4439 
4218 
6877 
2567 
8352 
9415 
9667 
9645 
7966 
9366 
2195 
6935 
2025 
6718 
146 
8862 
9156 
5715 
1379 
5603 
7028 
2719 
9113 
7123 
4077 
803 
6539 
8591 
9127 
5791 
5182 
229 
216 
4607 
7640 
7803 
4345 
5197 
5003 
2265 
5914 
7351 
8298 
7805 
7025 
2009 
1160 
6681 
9931 
7133 
2897 
8785 
8668 
2800 
2714 
4674 
5306 
3691 
5056 
2237 
9375 
6469 
1666 
1593 
8089 
9959 
3122 
912 
1140 
7262 
6671 
781 
3822 
8268 
9124 
415 
1573 
5529 
7907 
6953 
1669 
9395 
6039 
9014 
3439 
4377 
4954 
4184 
8830 
5299 
4508 
8571 
5783 
962 
4147 
9509 
6878 
8431 
2547 
6197 
7361 
9247 
232 
4821 
8056 
4996 
2547 
1490 
8083 
774 
6624 
1142 
9842 
4919 
7991 
4180 
4141 
6379 
8962 
9374 
6836 
2018 
5990 
7957 
7771 
9183 
6565 
3950 
3947 
4766 
3047 
9961 
1829 
687 
8192 
4245 
4830 
6677 
691 
6243 
6516 
2107 
6877 
200 
5770 
7775 
4510 
9828 
7810 
2949 
2361 
7094 
7110 
1136 
5785 
5546 
423 
6473 
2941 
9039 
9226 
9468 
5865 
3507 
2788 
8653 
4643 
2533 
4658 
6566 
7345 
3035 
3583 
5516 
6415 
6613 
8292 
4909 
5982 
7784 
4479 
8270 
6757 
6020 
242 
4792 
965 
3571 
5204 
2304 
877 
4614 
8593 
8364 
2740 
1047 
9457 
7267 
241 
1540 
5234 
842 
3015 
5040 
217 
8268 
1933 
6432 
3996 
5433 
7001 
2399 
1942 
5740 
2084 
5534 
2242 
1316 
8868 
7722 
2367 
2936 
6648 
6212 
5506 
5653 
1999 
1582 
31 
6681 
8682 
2598 
2528 
9899 
9200 
6282 
2334 
2389 
8640 
7187 
2458 
374 
3392 
6784 
754 
9141 
4745 
4677 
4947 
2463 
4008 
3925 
3155 
8646 
8491 
4612 
4280 
5702 
4466 
7919 
868 
3428 
6154 
404 
1605 
2221 
7807 
6565 
3356 
9884 
5411 
4839 
9591 
9431 
9331 
240 
3061 
1471 
6919 
5235 
2216 
5174 
1553 
4014 
8107 
5853 
2549 
3870 
445 
592 
7594 
8767 
3403 
7005 
8056 
8841 
945 
7306 
7887 
3803 
9360 
4104 
8242 
529 
6009 
1317 
6441 
563 
9383 
7254 
5367 
5582 
86 
5630 
1190 
3060 
4343 
9021 
1954 
8439 
9221 
8142 
6108 
8984 
1805 
2117 
7668 
122 
9019 
1067 
206 
5188 
4757 
3748 
4640 
5719 
2034 
9789 
1440 
1202 
9297 
1454 
2072 
3581 
8123 
4415 
4814 
9829 
9103 
3170 
180 
1170 
2827 
3352 
3270 
331 
3719 
4068 
6648 
8338 
5290 
1864 
3916 
907 
7184 
6422 
399 
3428 
4786 
4498 
1475 
2606 
2041 
9768 
5239 
2 
683 
2796 
2837 
6635 
5953 
2229 
9205 
2174 
1414 
7338 
8182 
711 
1557 
5370 
3389 
6355 
7614 
9080 
2365 
937 
8506 
7570 
7216 
8655 
538 
7901 
9010 
5528 
4291 
191 
3901 
1850 
9524 
8865 
478 
9696 
159 
4084 
5829 
2027 
3393 
6613 
4969 
891 
9092 
593 
6834 
2998 
1389 
5516 
4840 
4967 
2099 
3990 
3262 
4849 
7678 
6054 
5547 
4621 
784 
5197 
5479 
5163 
2951 
441 
2545 
9548 
5105 
3293 
3567 
5787 
6323 
2363 
1164 
8630 
9743 
2959 
9189 
3857 
3906 
8676 
6186 
9033 
5492 
378 
7627 
5854 
3681 
3314 
6440 
3699 
585 
8386 
5678 
5357 
4236 
7413 
9283 
3153 
1208 
7652 
1800 
803 
5754 
6083 
1535 
6026 
5752 
8739 
1543 
7375 
5572 
5336 
6683 
4149 
8598 
4275 
2119 
8825 
9216 
6355 
6901 
1558 
8627 
7866 
8130 
1705 
4441 
3517 
1955 
6691 
4411 
5892 
7090 
770 
7422 
6168 
4243 
9174 
7009 
3198 
6533 
2188 
7402 
5314 
1562 
6499 
6021 
278 
1610 
3240 
5039 
6532 
6331 
3088 
9721 
4921 
4276 
1815 
3746 
2443 
9049 
7927 
2712 
7657 
8415 
6245 
4626 
1248 
2957 
4764 
8707 
6401 
921 
2439 
6696 
8200 
2784 
5633 
8257 
4256 
309 
6414 
9817 
1550 
7952 
300 
4085 
9662 
89 
1436 
4882 
1249 
8624 
2579 
9202 
5758 
6140 
4063 
2981 
4078 
9870 
4689 
722 
219 
1779 
2851 
5081 
224 
110 
6850 
1687 
1335 
5544 
9052 
7964 
8801 
878 
3490 
4102 
2895 
6240 
8466 
139 
7893 
4835 
6480 
511 
9136 
6474 
1029 
7163 
9945 
410 
813 
4705 
7290 
6124 
8880 
8596 
7460 
448 
6648 
2679 
9311 
4236 
6579 
2552 
5708 
4567 
687 
6566 
4881 
7131 
4233 
5358 
5384 
4182 
8493 
4973 
2130 
6328 
7182 
462 
6724 
9273 
1501 
2277 
2263 
6449 
8596 
8237 
111 
4239 
2838 
6625 
1090 
1537 
9974 
7047 
5267 
7916 
888 
3907 
3711 
87 
6210 
8358 
4145 
17 
4460 
1609 
5390 
7291 
4525 
6509 
1813 
2370 
8626 
2837 
2515 
9664 
2393 
8840 
513 
2226 
4213 
9500 
5838 
8864 
5384 
3400 
1517 
1022 
8109 
3301 
8118 
8398 
2814 
9066 
6423 
4591 
9964 
2105 
9929 
1235 
9055 
1672 
3568 
8872 
798 
6880 
8669 
9468 
5599 
985 
5783 
1514 
4648 
4073 
8595 
4357 
8843 
427 
3507 
5124 
7794 
4585 
9547 
6011 
3471 
6937 
4705 
3166 
7455 
9688 
1558 
6426 
5958 
1989 
1080 
9617 
7311 
3055 
8983 
5228 
5639 
8807 
107 
4865 
8709 
7169 
4795 
3966 
361 
4396 
9036 
9788 
2949 
3600 
6643 
9990 
9919 
1165 
280 
8089 
4257 
6783 
7620 
1293 
1861 
2279 
9079 
6774 
139 
3377 
3779 
2651 
2211 
2389 
8690 
8670 
2947 
1638 
748 
8114 
1888 
7497 
4803 
9837 
5713 
4436 
6869 
1791 
7206 
2963 
8517 
3135 
1398 
9749 
497 
9909 
1552 
1493 
5062 
2858 
5439 
9323 
5972 
2428 
6338 
4067 
7266 
4105 
5439 
942 
4319 
1885 
3692 
9494 
5887 
1962 
5254 
9173 
3438 
8375 
8427 
4534 
389 
4635 
7192 
4949 
5946 
5616 
6838 
9524 
9266 
4647 
8575 
4882 
6967 
7800 
4351 
5893 
905 
1104 
6586 
3233 
3542 
6866 
5167 
1771 
9775 
3441 
6415 
120 
8782 
6898 
4035 
3475 
3482 
4657 
8008 
8379 
6663 
8177 
9223 
4508 
368 
3519 
2349 
9240 
2214 
7142 
8740 
3873 
7141 
2634 
5647 
8599 
8745 
2236 
4593 
7592 
8858 
2503 
4872 
6598 
6032 
6361 
1628 
7340 
5179 
6082 
7976 
3484 
1171 
1202 
6212 
1254 
9503 
4302 
1328 
9529 
8977 
5097 
5387 
723 
911 
9415 
100 
7165 
3496 
6580 
6562 
8492 
6031 
2079 
3744 
4692 
9466 
6686 
2391 
1563 
3518 
5817 
1623 
2161 
3461 
2207 
6205 
7678 
2786 
4681 
6099 
8237 
3043 
2179 
5219 
9070 
1295 
2747 
2523 
3768 
881 
3378 
1135 
9492 
5963 
4683 
7658 
8471 
9331 
8007 
8947 
4744 
5310 
6708 
773 
3548 
5673 
4129 
5750 
2840 
748 
9283 
6798 
477 
7896 
3174 
5811 
198 
8200 
310 
8203 
902 
8078 
332 
1905 
5075 
3997 
5207 
3465 
2139 
842 
7460 
7405 
5745 
8764 
14 
5516 
8577 
5956 
3046 
2491 
4425 
6752 
957 
746 
7725 
1183 
6383 
1280 
3449 
62 
8901 
363 
7195 
3753 
8215 
9543 
2173 
7185 
8494 
4272 
8022 
6882 
2736 
8815 
9019 
7688 
7736 
198 
1871 
5512 
2860 
9217 
7580 
8287 
209 
8519 
7917 
5198 
4773 
876 
9752 
5302 
9267 
5787 
3051 
4126 
1294 
2691 
1289 
453 
7452 
4564 
5393 
9188 
1037 
2821 
1348 
1103 
3548 
9687 
5963 
2368 
6513 
5999 
4431 
4269 
1109 
2392 
8400 
8742 
4872 
8816 
7894 
6864 
1797 
4728 
2511 
4614 
3858 
6629 
1389 
9444 
8058 
5475 
7289 
9796 
4224 
7366 
7441 
8242 
4283 
4466 
4885 
6927 
5506 
9845 
5548 
1603 
615 
2440 
9817 
2740 
5737 
1732 
9979 
9543 
6310 
4030 
7609 
8330 
4934 
5684 
9449 
5489 
1622 
8038 
8767 
2957 
5969 
6362 
9249 
7259 
1296 
8969 
8564 
1369 
8589 
3614 
4065 
2353 
5115 
7071 
5355 
6967 
7619 
5003 
6539 
4425 
137 
4769 
7080 
4419 
755 
5339 
5113 
7579 
4116 
3967 
6146 
7009 
3162 
2162 
9079 
3800 
1658 
1041 
2481 
3983 
2989 
3374 
3464 
9618 
8519 
3257 
4611 
4226 
383 
912 
251 
7942 
7059 
4555 
8332 
7522 
3689 
2078 
4701 
9496 
2392 
7258 
4375 
2561 
9385 
2888 
4745 
7668 
6452 
7919 
9762 
9940 
1436 
6511 
5071 
4439 
8796 
7361 
4299 
5707 
2732 
5145 
1583 
643 
7968 
5281 
1998 
5787 
9857 
4842 
9773 
1179 
2046 
7643 
841 
7567 
5564 
4810 
754 
22 
7760 
2305 
4873 
6183 
1204 
7670 
7936 
9697 
2011 
2700 
5066 
9760 
5496 
7835 
9065 
8222 
4835 
8998 
7551 
6792 
8867 
4514 
562 
8375 
9552 
2780 
3885 
4962 
8436 
2629 
3087 
6510 
98 
9832 
6865 
506 
1809 
7025 
1235 
3473 
6732 
3687 
4074 
6782 
3118 
7652 
114 
7354 
3338 
5915 
8564 
7582 
2147 
5168 
4361 
8997 
8148 
8480 
142 
2830 
254 
8102 
7430 
1146 
2244 
6815 
1975 
2704 
7870 
2840 
9736 
1585 
867 
4777 
8290 
4076 
9847 
3588 
3853 
7403 
8872 
4645 
2185 
5997 
4178 
8852 
2464 
7806 
4104 
3686 
3029 
7160 
6220 
9743 
6484 
9792 
1128 
6341 
5584 
1658 
6839 
8049 
3308 
4775 
3596 
6996 
8349 
1785 
7737 
4732 
7994 
9970 
191 
5233 
9622 
6325 
9210 
1082 
5833 
991 
638 
4909 
6475 
4798 
8355 
3370 
8435 
5371 
1882 
1186 
7145 
7080 
7784 
6422 
7337 
6351 
2465 
801 
3243 
385 
9850 
6764 
773 
2654 
8796 
4231 
6832 
7379 
7141 
7417 
1996 
1890 
3109 
2644 
277 
1300 
3870 
1574 
7436 
3584 
8910 
3521 
8866 
4808 
6367 
2146 
9025 
1363 
4103 
9958 
360 
7213 
625 
8200 
8048 
839 
5285 
776 
7656 
6 
8505 
954 
878 
9528 
1590 
9488 
6892 
4369 
9425 
7981 
2756 
9634 
2839 
4895 
1560 
5289 
8320 
3830 
384 
8114 
9296 
297 
7017 
6584 
8181 
6883 
372 
4711 
7170 
1388 
9132 
3438 
6945 
9187 
5580 
9218 
4 
2104 
451 
8991 
6233 
7054 
6314 
6788 
9778 
9759 
2783 
7433 
8867 
5175 
7613 
30 
8262 
715 
2532 
9723 
4667 
5688 
8209 
9471 
9677 
1470 
2543 
2478 
2741 
835 
8763 
8036 
5930 
444 
4729 
3776 
3848 
3194 
6667 
1758 
4452 
4385 
2 
1560 
4642 
1356 
61 
5849 
4339 
3375 
8725 
9089 
5332 
2840 
2139 
822 
6184 
4296 
9718 
3766 
6946 
6759 
2849 
7408 
2669 
2696 
6284 
7328 
6257 
245 
2147 
1347 
8130 
1844 
7982 
8645 
8601 
8277 
7393 
3209 
3847 
4613 
9667 
7945 
5642 
4857 
3878 
8086 
8254 
6162 
2818 
9146 
9420 
1759 
9823 
1608 
4425 
2528 
9271 
1138 
6649 
9099 
5967 
9560 
3411 
6113 
4002 
4487 
9848 
1289 
915 
1008 
5490 
8536 
9934 
9632 
3598 
6980 
7 
650 
9234 
7393 
5576 
1166 
3489 
7650 
7526 
4877 
2557 
7922 
7231 
8599 
8747 
7972 
334 
3513 
5915 
2892 
2667 
4974 
8142 
3118 
5984 
7370 
7354 
3032 
9024 
526 
4009 
5336 
9538 
8859 
2642 
9630 
8452 
4667 
5224 
8198 
9529 
7797 
3014 
4871 
3895 
2688 
6388 
4569 
5518 
1429 
1062 
9940 
7139 
9709 
9658 
6899 
184 
5533 
1718 
8129 
3534 
266 
7290 
4795 
1123 
2861 
3011 
7193 
2247 
2328 
5980 
8741 
3432 
6040 
1153 
3614 
1306 
1588 
3145 
8126 
7047 
3709 
7582 
5499 
1587 
1594 
3035 
3482 
2568 
8887 
3262 
5863 
72 
2446 
8406 
9054 
9939 
5159 
6406 
5498 
4936 
9301 
4366 
6898 
519 
6545 
7099 
4641 
4029 
6778 
674 
134 
5163 
5661 
3063 
8297 
2000 
6048 
2274 
5720 
1823 
2373 
491 
3577 
888 
2283 
6128 
33 
1604 
2659 
1868 
9819 
6755 
1277 
8215 
4760 
7300 
4475 
6235 
4642 
4474 
6153 
5476 
2627 
5949 
8563 
744 
7543 
1473 
5782 
4179 
432 
5664 
5198 
9932 
6164 
4478 
3488 
2340 
6370 
7187 
3478 
9925 
7232 
3606 
5009 
238 
2089 
9226 
3984 
8357 
9771 
9463 
4433 
1260 
6865 
7674 
9644 
7777 
2420 
8916 
9537 
6122 
2801 
7356 
522 
7518 
363 
528 
8148 
5808 
1133 
4084 
6800 
5159 
2983 
5180 
8292 
3356 
1919 
331 
2974 
626 
1102 
2402 
7564 
7733 
5372 
1877 
1466 
4730 
8856 
1245 
5383 
2905 
9613 
950 
712 
5567 
9455 
5523 
8827 
6960 
80 
3958 
1609 
9460 
2772 
7123 
5339 
1975 
6286 
6254 
9752 
3304 
8788 
8143 
5179 
7448 
9661 
1591 
7251 
1031 
6372 
3538 
619 
9287 
3763 
5564 
5611 
8066 
8085 
958 
4682 
498 
3578 
9986 
7265 
8394 
9826 
937 
5275 
3998 
4995 
3899 
3346 
2657 
5477 
8945 
4719 
7418 
6123 
582 
7609 
5339 
7434 
4542 
8243 
3149 
1356 
2308 
1240 
3301 
9083 
1401 
2415 
9430 
6136 
7073 
9741 
8207 
3958 
7111 
5080 
8439 
9647 
5816 
1080 
8357 
2301 
2883 
7148 
4525 
7254 
3717 
6403 
1695 
9825 
8855 
3504 
9881 
5749 
3926 
2844 
5038 
6970 
5104 
4728 
9177 
6406 
219 
1680 
558 
2298 
4946 
8026 
2095 
4125 
9139 
8982 
5179 
1491 
2850 
4061 
4862 
4999 
2650 
1061 
2890 
590 
4456 
4420 
7111 
7839 
2147 
9908 
1792 
7410 
5572 
5591 
5672 
7202 
7728 
6473 
4391 
3995 
3300 
7584 
641 
4592 
1619 
5045 
7332 
6941 
1047 
4354 
7228 
5677 
7164 
2614 
5483 
4765 
2358 
5830 
7904 
2224 
7905 
263 
5608 
2376 
9916 
6947 
3050 
4259 
9813 
7823 
7151 
9742 
6167 
8576 
8713 
3644 
555 
8102 
9222 
5205 
4872 
6864 
7243 
4968 
7662 
8604 
5380 
8302 
2850 
5060 
1672 
9018 
152 
7387 
3161 
8850 
2828 
590 
6469 
6171 
9776 
215 
281 
7584 
8036 
6140 
9216 
1177 
1847 
5718 
8551 
1324 
1171 
4982 
4647 
3150 
3104 
113 
6905 
8310 
5027 
2379 
5410 
8935 
1596 
4765 
1735 
7104 
1180 
6929 
6832 
2457 
4481 
1086 
2703 
4881 
651 
964 
768 
7770 
7459 
5780 
6656 
1255 
8382 
6022 
6273 
3732 
9681 
4944 
5089 
9707 
9615 
4137 
4424 
9968 
8504 
7994 
2984 
511 
1746 
6197 
5119 
1982 
8228 
8545 
8556 
1527 
6998 
7928 
2713 
1872 
836 
2072 
2527 
4623 
6013 
7915 
2518 
568 
5556 
9229 
3674 
3324 
2918 
7837 
4907 
2629 
1317 
2802 
7348 
3775 
1164 
6072 
861 
2348 
7049 
3301 
7459 
5531 
3689 
7029 
823 
2323 
3898 
1037 
9143 
5092 
6941 
5939 
911 
9353 
7004 
6551 
7457 
102 
4905 
8625 
7735 
8685 
4583 
3254 
7722 
5792 
1132 
6099 
6370 
1795 
666 
9659 
967 
189 
4463 
2915 
6878 
7982 
7274 
5221 
9459 
8510 
3164 
3949 
3336 
4935 
2200 
346 
9738 
7826 
3796 
9052 
1508 
240 
6764 
389 
5334 
6250 
649 
9037 
3754 
6175 
7227 
6712 
859 
1863 
8672 
9421 
586 
1605 
4676 
568 
3742 
8036 
1965 
6968 
8097 
2226 
5480 
6677 
2508 
5832 
5572 
577 
8808 
7469 
1955 
2728 
5303 
6416 
234 
7501 
7037 
2672 
8008 
4892 
8053 
4089 
2469 
5126 
9558 
782 
5914 
9385 
2969 
5218 
7830 
4809 
8853 
4533 
7779 
9183 
4091 
8133 
1212 
1481 
2160 
8855 
2443 
3743 
6856 
9283 
8051 
3430 
3239 
3192 
1295 
7239 
8042 
2128 
8367 
380 
8132 
6554 
1452 
4741 
3452 
5725 
718 
1860 
8510 
8010 
3404 
9720 
7248 
4427 
5461 
2717 
7462 
680 
297 
5696 
2570 
7448 
3189 
9077 
1520 
1536 
5281 
1092 
4145 
3829 
1256 
7386 
4827 
9224 
5082 
3445 
5600 
1373 
8005 
7436 
9317 
6554 
2341 
3605 
3782 
3815 
6034 
3318 
7967 
6698 
5047 
1380 
7404 
3750 
7846 
1844 
9592 
3102 
6968 
8971 
391 
7858 
7719 
4579 
7142 
193 
5278 
1694 
6503 
4026 
8960 
1359 
4365 
8041 
3451 
1234 
9462 
3727 
7903 
7371 
5637 
6033 
2611 
5711 
4894 
9981 
4469 
3662 
4399 
3217 
6114 
7566 
8069 
2300 
5850 
2884 
4001 
8151 
909 
8788 
9244 
9214 
2598 
3340 
2627 
5722 
9900 
2701 
2836 
3877 
3096 
680 
6113 
9081 
5647 
2565 
5555 
9525 
5517 
1403 
4355 
918 
3060 
6050 
3668 
6060 
2633 
4662 
2283 
1066 
605 
9620 
2347 
2147 
1270 
5984 
1551 
7779 
4677 
4580 
9958 
9366 
3801 
5756 
4363 
5574 
6778 
3773 
1436 
2156 
8512 
3880 
5573 
7825 
1432 
5584 
9141 
1685 
5985 
2864 
5964 
3709 
9571 
6196 
3854 
2737 
908 
7976 
8191 
8218 
9701 
683 
1190 
4846 
8930 
5141 
9226 
8154 
3689 
1178 
9319 
2301 
9649 
6216 
5584 
7275 
766 
9279 
4928 
5822 
4095 
4418 
1448 
7909 
1139 
4985 
2287 
8465 
2801 
6602 
5514 
2738 
2524 
2588 
2498 
4263 
4693 
29 
7012 
